"V1" "V2" "V3" "v4" "V5" "V6"
15.55 11.8 23 3407 453 1403
16.98 13.61 16 4522 703 2218
15.42 10.4 11 6256 1063 3121
15.67 11.82 14 5601 737 2338
16.23 10.31 17 4433 669 2127
14.71 12.13 15 4684 693 2052
15.44 13.66 14 5824 763 2497
19.74 13.3 23 3668 620 1777
17.48 12.1 16 4241 840 2482
16.84 15.62 18 4050 646 1932
15.95 11.7 10 8292 1222 3584
16.16 11.79 12 5930 814 2775
14.13 11.54 11 6082 940 2884
13.64 11.56 10 6930 853 2816
15.44 11.32 15 5088 738 2311
19.02 12.25 22 3837 480 1791
14.85 12.21 13 5594 952 2556
15.23 14.64 16 4564 662 1971
15.58 12.02 16 4530 736 2216
17.44 12.27 21 4020 608 1722
17.73 10.85 17 4443 807 2348
15.6 13.3 18 3440 696 1810
17.64 11.78 14 5811 938 2840
16.6 12.69 15 5204 805 2308
15.01 11.39 19 3685 614 1779
16.8 13.21 16 5179 769 2263
13.93 13.51 11 6376 956 2851
18.34 11.35 17 9409 701 2188
14.82 9.9 18 4427 744 1852
11.9 13.17 9 7640 1052 2976
13.76 9.78 15 5168 840 2025
16.5 13.97 24 3377 611 1539
15.39 12.61 18 8703 676 1839
15.41 9.49 10 7458 1081 3235
15.16 11.16 13 5852 917 2449
14.08 10.53 14 4761 803 2117
15.9 13.14 14 5396 853 2358
16 11.87 16 4751 852 2073
17.23 13.11 18 4307 795 2002
14.31 11.43 14 4684 900 2141
14.3 10.98 19 4273 595 1565
14.27 15.83 13 5608 797 2278
12.03 12.1 19 3900 533 1315
18.3 2.6 22 7192 548 1667
15.98 2.64 21 3117 452 1611
20.24 1.97 29 2963 441 1462
18.48 1.25 24 2852 473 1609
19.09 2.21 32 5346 311 1298
19.88 2.05 24 6387 384 1621
18.38 1.98 16 4905 665 2589
19.42 2.27 18 4627 542 2227
17.22 2.21 18 4380 549 2148
10.96 2.55 16 3907 405 1416
14.41 2.88 16 4421 474 2019
15.79 2.13 21 3966 436 1557
13.46 2.45 9 9353 804 3348
18.38 2.22 29 2754 393 1314
14.52 1.46 10 7992 720 3248
16.84 2.33 21 3571 483 1660
17.85 2.11 17 5040 601 2401
18.34 2.81 25 2906 459 1528
15.67 2.38 16 4995 559 2207
19.73 2.74 26 3023 505 1585
14.23 2.57 17 4211 556 1887
18.38 2.25 30 2586 435 1278
15.38 2.49 19 4266 534 1824
16.44 3.15 19 3755 546 1812
15.26 1.86 11 5787 897 3124
17.65 2.51 28 2681 426 1322
18.3 2.45 25 3154 495 1648
18.71 1.09 31 2462 411 1261
16.84 2.43 19 4061 624 1956
18.4 2.68 30 2530 459 1283
18.53 1.73 24 2957 563 1695
17.01 1.54 22 3063 561 1652
15.69 2.25 24 3130 448 1434
19.44 3.31 17 4479 722 2442
19.96 1.59 30 2738 469 1423
19.29 2.23 18 3980 638 2287
12.98 1.96 15 10168 539 1785
21.03 2.11 28 2964 494 1577
17.18 1.93 23 3013 500 1552
18.08 2.13 27 2813 456 1390
20.45 2.19 27 2569 504 1585
19.14 1.94 27 2651 519 1486
15.33 1.72 19 4475 576 1700
16.33 2.41 28 5357 414 1195
17.92 2.38 30 2800 460 1284
21.75 6.22 26 2714 592 1764
22.58 7.35 19 3770 768 2540
24.42 2.5 25 2926 676 2086
22.09 5.22 20 3105 733 2360
25.24 3.46 36 2128 447 1511
21.18 5.85 11 6540 1049 4108
28.16 4.94 19 4329 881 3164
21.99 5.37 18 3873 586 2605
24.58 2.94 24 2967 592 2181
22.77 6.18 19 3688 769 2549
24.24 5.36 17 4221 942 3030
23.06 4.09 16 3922 994 3103
15.32 7.94 23 3274 468 1437
23.64 5.61 16 4575 828 3413
22.83 3.72 26 2887 612 1895
22.68 4.81 28 2559 530 1870
23.75 6.7 23 3190 680 2213
18.33 3.73 16 4507 710 2648
23.03 5.56 19 3720 826 2590
26.22 5.38 21 3126 778 2882
24.96 3.71 25 2844 665 2147
22.32 5.68 17 5051 876 3161
22.39 7.59 21 3177 773 2294
24.71 4.56 21 6969 729 2432
27.1 4.43 15 4628 1169 3933
19.38 6.21 12 6090 977 3595
23.97 5.44 19 3597 789 2751
27.43 1.74 22 3363 764 2657
24.55 5.46 19 4115 827 2722
21.01 4.43 14 4838 909 3161
23.31 1.45 16 4147 973 3075
23.97 5.35 20 3363 813 2529
24.77 4.48 22 3256 758 2378
24.16 4.53 23 3378 731 2220
22.17 5.07 20 3018 741 2338
23.14 4.32 23 3292 656 2122
24.26 4.74 20 3618 778 2560
22.06 8.17 23 3190 612 2416
22.55 8.67 13 5386 1005 4011
18.85 9.87 15 4748 757 2907
19.56 9.26 19 3897 717 2365
18.58 10.2 15 5420 644 2835
25.74 7.69 18 3823 795 3273
20.42 9.55 19 3815 572 2465
22.26 6.91 16 4747 724 3186
25.49 7.28 23 3707 495 2522
18.73 10.92 17 4585 584 2501
19.64 6.54 18 3923 498 2472
20.65 10.71 18 4613 645 2930
23.18 7.05 16 9472 705 2904
23.75 10.27 18 4567 680 2984
17.75 8.27 16 4492 621 2464
19.6 6.4 16 5040 737 3043
26.48 9.08 23 6780 572 2335
17.3 7.13 17 4500 604 2157
21 8.61 21 3586 528 2120
19.15 8.58 7 9874 1186 5785
20.06 8.07 11 7211 882 3844
21.68 6.87 15 4992 753 3045
23.26 7.37 9 8153 1333 5454
14.5 2.72 11 7178 578 2778
17 2.45 18 4460 426 2016
18.88 2.91 12 6535 729 3359
24.05 2.58 24 3532 594 2295
15.5 2.25 7 10277 1019 4736
19.15 2.93 26 2596 481 1731
19.65 1.64 15 5564 545 2795
20.11 3.02 30 2750 467 1859
19.81 2.82 14 6480 661 3021
18.98 2.05 25 6238 476 1691
16.84 2.46 18 8357 429 1994
15.14 3.03 16 4204 555 2207
16.32 2.38 27 3491 243 1291
19.41 2.41 26 3309 464 1740
11.99 2.5 11 5062 494 2320
18.78 3.24 17 3738 618 2568
22.39 2.07 21 3894 576 2482
15.83 2.85 16 4391 551 3673
18.53 3.05 30 3010 403 1493
21.63 3.45 29 5462 392 1651
15.2 3.01 26 3138 282 1351
22.12 1.64 25 2926 487 2043
16.05 2.56 16 4196 603 2318
22.62 2.45 19 4437 622 2657
20.33 1.69 25 2628 465 1811
17.94 2.45 13 6743 758 3239
16.42 2.73 13 12226 563 2508
18.04 2.55 10 8310 884 3803
16.01 2.59 11 5744 706 3062
12.97 2.47 14 5053 495 1952
22.89 1.89 17 5340 688 2842
17.05 2.48 13 5414 728 2768
18.48 2.29 20 3915 542 1952
18.51 2.75 14 5721 685 2787
14.84 2.47 9 8960 799 3486
19.21 2.74 12 5990 766 3376
14.63 2.99 16 4245 482 1897
23.49 1.72 26 2991 437 1890
17.45 1.76 12 6555 738 3243
17.58 2.74 13 5991 675 2828
15.99 1.58 12 6735 823 2975
20.71 2.66 24 3600 432 1807
18.32 2.18 23 3026 395 1647
19.05 1.92 20 3183 598 2163
20.62 3.05 55 1460 156 774
19.93 2.53 13 5852 912 3449
19.94 2.44 20 4044 433 2058
19.41 1.87 14 6068 778 3112
19.68 2.4 17 4203 549 2389
18.83 2.48 15 5076 696 2818
20.59 2.91 27 3020 390 1579
20.56 2.09 13 5875 776 3542
18.49 2.52 26 2968 380 1473
18.75 2.82 19 4048 454 2209
19.56 2.51 22 3406 495 1844
14.56 2.17 18 3790 358 1820
17.08 1.76 23 2948 401 1550
22.9 3.02 15 5852 752 3501
20.38 2.33 25 3017 411 1724
16.54 2.56 11 14591 776 3296
20.02 2.54 19 4213 537 2200
15.82 1.83 16 4504 483 2223
16.68 2.67 16 4706 507 2182
16.44 2.32 17 4500 540 2175
19.23 2.29 22 3559 449 1831
19.88 2.44 14 5983 725 3277
12.92 2.24 21 4300 331 1381
14.54 3.1 11 6736 666 2900
19.27 2.13 21 7380 492 1823
15.39 2.01 13 5935 572 2602
16.55 2.01 10 7116 856 3530
20.47 2.23 20 4137 560 2246
19.12 2.45 15 5608 558 2725
17.4 2.76 11 7358 783 3322
12.42 2.31 9 7627 695 2901
15.38 2.65 14 5280 530 2310
19.3 2.17 14 6098 608 2867
16.74 2.3 13 5409 651 2672
23.54 2.64 24 3332 514 2159
16.59 2.75 19 3881 486 1829
20.34 2.56 25 3521 423 1692
19 2.67 21 3620 472 1878
21.26 2.42 28 2608 428 1577
15.68 7.65 28 2533 421 1182
16.73 5.53 18 3950 595 1986
17.09 8.1 19 3657 608 2057
21.01 7.51 19 4118 795 2364
17.57 8.24 14 5781 940 3130
18.21 7.59 26 2878 551 1558
18.95 8.6 32 4884 424 1275
18.39 7.97 36 4308 373 1047
14.81 7.73 24 3210 525 1554
21.66 8.2 40 1782 416 1157
18.16 7.73 18 8187 725 2220
20.04 8.13 30 2414 470 1429
15.64 7.71 21 3563 631 1737
18.16 5.94 31 2286 422 1252
18.63 7.63 23 3336 714 1888
19.72 8.2 34 2176 396 1232
17.78 7.57 15 4812 842 2759
13.69 7.8 32 2364 333 911
19.06 5.08 27 2567 569 1643
18.27 10.22 37 2006 387 1050
16.15 7.74 30 2658 458 1317
17.98 5.91 30 2198 457 1289
18.53 7.42 25 6187 556 1649
15.5 7.94 31 2487 429 1252
19.03 5.25 34 2231 423 1293
16.74 8.28 27 2460 471 1336
15.5 7.71 20 3342 591 1793
19.39 7.72 25 3007 536 1661
19.86 6.68 38 2032 438 1208
20.07 8.01 32 2376 446 1343
17.18 5.59 26 2707 511 1525
18.9 5.24 32 2400 426 1270
18.04 7.61 23 3253 660 1826
18.09 8.2 31 2305 489 1256
16.97 5.92 20 8034 572 1802
20.42 5.26 30 2392 502 1482
17.72 5.92 32 2280 441 1432
19.03 8.03 29 2477 461 1430
18.42 5.1 27 5853 503 1417
15.16 9.79 17 4320 715 1879
17.71 5.06 21 3457 610 1778
16.35 7.08 23 3376 506 1501
19.6 7.4 25 2878 586 1675
20.23 7.42 24 6227 658 1759
18.05 5.46 29 2640 514 1314
18.15 6.93 29 5532 534 1357
19.7 6.86 28 5649 482 1447
19.12 8.62 27 2676 516 1495
20.46 5.77 49 1674 333 868
21.88 5.93 48 3149 375 951
19.62 3.86 41 1627 377 999
21.1 6.87 43 1662 418 1027
14.76 6.8 38 1797 484 877
22.76 6.58 57 1207 318 826
18.36 8.05 33 2051 546 1263
20.73 5.42 45 1440 399 950
14.2 6.19 38 1805 373 843
20.57 6.19 56 2893 325 777
15.51 6.68 40 1995 427 907
20.99 3.07 45 5372 397 998
18.48 8.85 39 3768 464 1028
21.01 7.34 55 2585 328 743
22.91 6.37 62 1197 321 767
17.88 7.5 26 2836 623 1540
17.43 7.56 39 1706 410 926
15.65 6.23 38 1718 422 927
21.78 5.92 48 1532 402 946
21 5.59 35 1845 558 1351
15.95 6.69 40 1828 386 970
22.09 5.77 51 1419 410 974
24.62 6.7 74 1942 287 661
18.47 6.46 39 1726 474 1067
21.43 6.47 80 912 264 575
16.95 6.37 46 1276 380 830
20.49 6.34 55 2752 316 759
17.73 6.87 55 1451 339 727
20.64 6.91 65 1100 295 807
18.9 7 41 1526 416 1031
21.1 6.42 49 3092 371 860
21.46 5.67 51 1347 400 924
21.17 6.64 53 1225 354 850
20.29 6.13 46 1491 446 968
20.33 7.8 66 1044 299 659
15.49 6.57 24 2812 564 1357
18.65 4.01 43 1627 452 911
16.54 6.77 42 1547 400 816
21.03 5.73 47 1509 417 928
17.58 5.94 64 1162 228 575
17.28 4.66 36 1888 437 1006
19.95 7.28 51 1346 341 821
18.95 6.28 43 1674 378 915
13.94 6.6 32 2001 394 904
15.58 8.78 13 6845 643 2487
17.98 6.81 16 4661 639 2348
16.68 8.35 15 5176 780 2487
16.22 8.47 8 9165 1105 4242
19.38 9.09 14 5194 912 3088
20.59 6.71 14 5811 847 3078
18.6 7.61 20 3855 678 2106
18.42 7.57 13 5155 704 2921
16.73 8.21 19 3622 631 2000
17.88 6.76 12 7285 783 3076
16.54 8.21 13 5543 855 2863
18.85 7.75 9 7733 1045 4318
18.93 8.61 16 4972 771 2654
10.62 5.89 5 12912 1070 4390
15.62 6.76 11 6589 916 3185
22.67 6.93 17 5852 630 2763
15.07 8.82 14 5511 676 2410
17.48 5.91 19 4064 510 1907
16.62 8.59 13 6005 754 2864
16.01 7.99 6 11250 1352 5520
17.93 10.01 21 3749 612 1923
16.71 8.34 10 8700 894 3482
14.96 10.1 10 7062 887 3374
16.83 5.67 10 7098 908 3514
17.42 6.19 21 3714 570 1867
20.45 7.93 14 5734 724 3049
15.41 10.44 11 6600 964 3153
19.52 7.54 9 8580 1100 4539
16.81 6.65 11 6834 1005 3440
14.73 5.05 13 5405 659 2372
17.29 8.31 16 4402 768 2434
18.8 7.35 14 5061 737 2806
14.93 7.57 13 6323 724 2517
16.72 5.44 10 8232 943 3491
19.01 8.83 19 4017 633 2196
20.99 7.35 11 7025 1023 4060
17.24 8.02 9 8767 1086 4203
17.04 5.61 7 11160 1210 5202
15.06 8.72 9 8367 997 3545
16.48 7.56 9 8047 1044 3842
19.12 8.93 10 8346 1179 4019
16.7 9.19 21 3389 426 1656
19.43 4.54 12 6600 925 3361
15.42 8.03 8 8475 1111 4034
18.36 6.65 13 6494 855 2960
18.21 8.86 14 5498 813 2704
17.33 6.04 8 8782 1213 4492
12.77 8.66 10 7410 762 2651
19.12 5.8 23 2870 732 1777
16.1 5.23 31 2239 446 1100
16.51 4.17 13 5880 916 2950
16.29 5.69 27 2969 496 1276
14.53 4.05 15 4988 756 2253
19.05 5.95 27 2720 565 1492
16.41 4.76 21 3183 680 1807
16.89 5.52 16 3795 760 2250
17.27 5.13 27 2569 564 1480
18.54 5.35 26 2970 505 1521
16.49 4.74 18 4027 728 2100
16.55 4.86 27 2998 535 1308
14.87 5.46 22 3305 556 1548
16.94 3.87 22 2735 767 1641
16.91 3.6 15 4696 902 2580
16.72 5.14 20 3699 600 1794
17.57 6.28 22 3878 696 1983
17.97 7.38 27 2938 526 1429
17.99 3.71 19 8214 680 1994
9.42 5.61 16 4005 373 1266
16.44 6.05 16 4481 818 2333
19.61 5.66 25 3454 593 1684
17.48 5.41 17 4087 794 2333
17.12 5.69 21 3400 677 1749
17.95 5.18 22 3164 651 1846
15.72 5.38 26 2938 513 1298
19.03 5.48 24 3307 729 1795
17.17 5.4 31 2106 498 1178
15.59 4.13 17 3738 765 2075
16.12 5.1 23 3110 581 1491
14.84 5.9 20 3729 643 1680
20.29 5.2 28 2816 602 1555
19.51 5.82 38 2007 477 1144
15.66 5.62 23 2919 602 1466
16.54 4.91 23 3081 595 1595
17.21 3.82 18 3873 925 2076
19.08 5.95 18 4113 779 2352
20.14 5.68 18 3810 922 2435
12.38 5.17 13 5986 821 2347
18.88 6.07 18 8693 741 1977
18.55 4.81 25 2854 580 1570
17.52 4.42 21 3169 644 1757
18.42 4.17 26 2991 554 1492
14.09 4.44 31 2479 416 970
18.05 4.69 35 4262 464 1083
17.79 5.43 32 2212 479 1186
18.22 5.08 28 2756 549 1390
15.72 6.04 25 2774 544 1342
14.92 9.28 20 3432 581 1549
14.67 9.57 18 4303 600 1705
14.56 12.8 21 3534 478 1451
17.24 10.56 21 3489 572 1717
20.27 7.63 25 3079 484 1674
14.53 13.65 18 3920 547 1667
22.08 9.34 21 4169 605 2170
18.99 8.48 16 3814 699 2447
14.77 10.3 21 3526 446 1456
19.24 15.19 26 3185 452 1532
17.41 9.89 27 2800 441 1335
18.42 11.82 25 3295 498 1564
18.36 13.6 26 6168 510 1555
19.51 11.94 22 6976 521 1721
16.14 11.15 23 2906 497 1469
16.15 12.32 22 4104 519 1649
18.8 7.55 27 5662 431 1362
18.17 9.93 25 2952 512 1517
17.77 13.28 23 3475 639 1780
21.68 10.47 32 4931 429 1352
14.43 13.11 26 2961 402 1250
20.26 6.74 25 2981 557 1698
18.91 7.96 21 3151 651 1931
16.38 9.91 22 3371 524 1545
16.14 11.99 25 3115 457 1340
17.4 10.24 28 2745 423 1289
19.6 5.12 25 3034 538 1756
20.8 4.69 20 3855 731 2319
21.24 3.62 22 3303 661 2185
17.15 5.46 15 4332 752 2596
21.72 5.65 15 4972 885 3258
17.61 3.6 19 3733 570 2084
20.11 5.81 16 4372 765 2822
17.83 4.25 15 9936 640 2446
21.68 4.64 23 3357 547 2125
18.38 4 18 4693 647 2302
17.97 4.49 14 4208 857 2888
23.14 4.03 30 2538 535 1736
18.21 4.77 19 4020 631 2158
22.53 4.63 20 4032 694 2477
16.81 4.11 19 7740 549 1943
19.54 3.22 19 4225 631 2259
23.9 3.51 26 2875 551 1954
18.03 3.4 17 3829 668 2229
19 3.37 22 3706 541 1814
20.92 3.65 26 2774 567 1671
22.18 2.41 22 3513 641 2091
18 3.6 21 3237 507 1796
21.04 3.26 25 2926 553 1763
19.43 3.7 21 3574 579 1923
20.28 3.27 22 3224 566 1911
17.36 9.24 26 2928 417 1409
19.49 10.21 18 3727 626 2315
20.06 9.18 41 1946 363 1142
20.55 9.16 27 3133 491 1624
21.63 10.36 38 3846 404 1277
22 9.07 34 2404 442 1386
19.53 8.15 31 2263 443 1479
19.62 10.26 31 4761 388 1347
21.69 9.93 34 2458 474 1503
20.26 8.9 31 2586 418 1395
20.92 7.95 42 1206 395 1164
24.05 9.01 34 1985 470 1509
19.69 9.12 43 2094 353 1068
16.59 9.82 23 3185 472 1539
17.03 8.66 25 2114 475 1588
21.18 9.62 25 3235 530 1802
21.06 7.08 30 3066 540 1682
19.68 7.83 24 3190 526 1745
19.18 8.21 17 3491 750 2625
16.05 9.79 13 5437 754 2624
22.48 7.42 30 2828 520 1807
21.35 7.28 26 2709 536 1769
21.83 6.86 26 5631 502 1868
17.43 7.48 23 3042 489 1634
23.59 7.48 35 2373 447 1555
17.54 9.85 15 5516 711 2518
19.96 5.59 28 1899 462 1647
17.95 9.13 17 4394 606 2258
20.76 8.76 38 2070 388 1264
19.25 6.53 18 3897 642 2291
20.82 7.19 44 1893 363 1094
22.03 7.45 21 3577 633 2257
20.73 7.47 32 1766 461 1446
19.78 9.57 26 2693 525 1639
21.29 6.32 37 2016 402 1280
16.56 6.67 24 3220 440 1502
19.59 8.71 24 3510 524 2009
23.77 6.82 26 2739 593 1993
22.6 7.35 27 2356 563 1775
18.59 9.03 19 4244 615 2135
18.25 7.74 34 2056 386 1131
21.39 6.51 30 2514 499 1503
20.21 8.58 32 2212 425 1334
20.55 6.74 30 2706 450 1446
21.06 9.67 27 2818 550 1671
20.19 6.29 31 4767 424 1355
20.02 8.33 48 1700 280 880
19.68 6.6 21 2951 579 1979
17.27 9.42 21 3597 536 1734
12.38 3.98 31 2146 276 830
12.76 3.42 45 1709 215 593
17.52 4.01 44 1729 306 894
13.55 2.79 43 2083 243 690
15.91 3.85 35 1833 350 1015
15.65 4.63 29 5607 334 1085
16.16 3.84 38 2062 333 962
15.49 3.11 34 2238 282 943
14.06 3.92 34 2255 322 939
11.24 4.02 24 2935 289 966
13 3.96 28 2769 341 1045
15.01 3.76 36 2400 282 861
17.21 3.75 50 1568 275 799
11.85 4.54 26 2328 319 943
13.9 4.23 26 6028 354 1150
12.15 1.89 25 3552 310 1006
16.5 3.69 37 2116 339 1000
15.71 3.7 36 2173 298 904
17.15 4.19 32 2316 386 1200
11.75 3.43 28 2631 285 871
16.31 3.83 40 1788 306 919
14.59 4.64 42 1807 269 755
15.44 3.95 44 1688 261 791
15.03 4.29 41 1952 269 766
15.94 4.07 48 1502 261 748
13.58 3.77 39 1888 273 727
18.7 3.9 51 1547 278 825
13.06 4.1 37 1970 244 738
16.04 3.8 39 1835 305 926
13.26 3.33 43 1917 211 646
16.22 4.02 41 1636 328 890
15.87 4.16 39 2062 302 896
13.24 3.42 26 3145 320 1066
16.11 2.43 31 2317 407 1142
13.51 2.37 27 2678 328 1065
13.62 4.84 42 1813 248 713
15.23 4.66 41 1920 241 794
17.23 4.04 39 2014 317 936
15.67 3.97 46 1724 246 729
12.93 3.02 23 2786 393 1181
16.8 3.64 39 2197 314 905
14.84 4.98 35 2126 292 880
13.5 3.96 32 2522 329 882
19.59 2.7 51 3058 307 799
13.17 3.95 45 1588 240 614
18.53 4.45 55 1299 256 701
15.44 4.17 44 1735 277 729
13.28 3.99 44 1788 220 627
20.52 6.86 58 1264 285 764
21.31 6.55 55 2740 263 775
18.72 7.24 38 2034 342 1130
20.69 6.92 45 1771 295 959
15.93 9.14 49 1347 247 746
14.4 5.55 29 2696 311 1036
17.77 7.66 46 1503 291 889
21.51 6.77 55 1121 257 835
14.82 7.91 42 1850 254 813
20.65 7.51 51 1427 276 867
18.54 7.21 56 1362 250 753
20.35 6.57 47 1722 288 927
15.45 7.94 40 2035 297 928
23 6.34 59 1205 253 844
20.12 7.14 58 2612 234 750
21.91 7.08 62 1043 242 752
17.2 8.79 49 1594 272 817
17.93 6 44 1860 279 867
18.59 7.71 43 1621 313 1007
22.4 6.8 51 1258 300 936
19.71 7.03 47 1680 271 940
21.62 5.45 57 1276 264 806
13.68 8.98 37 1865 268 824
20.67 6.52 44 1605 311 998
20.2 7.47 56 1382 269 820
23.89 6.5 67 1151 258 758
17.53 7.48 57 1227 239 702
19.39 6.07 52 1345 271 793
21.19 7.91 62 1157 263 779
21.33 7.11 53 1387 271 855
17.28 6.72 53 1412 270 751
18.86 6.88 50 1496 258 806
16.94 6.51 46 3343 280 796
19.2 6.21 60 1205 251 710
16.89 8.54 47 1598 285 783
21.09 7.73 48 3235 275 918
18.34 5.89 54 1272 269 756
18.21 5.63 48 1517 238 823
21.51 8.5 52 1378 299 868
21.87 6.78 63 1064 253 754
18.18 5.35 52 1355 269 731
21.31 7.03 65 1001 257 685
22.26 8.05 65 1229 246 715
18.78 5.53 48 1484 275 818
18.05 7.67 47 1476 293 798
21.76 7.2 55 1328 281 823
21.22 6.88 60 1159 277 733
20.09 5.8 50 1511 291 834
17.86 7.54 52 1411 262 711
15.88 6.17 21 3831 454 1597
17.43 5.96 31 2274 342 1202
13.91 8.35 26 2843 313 1247
15.95 7.77 30 2888 330 1138
15.66 6.03 20 3912 447 1792
17.98 6.98 31 2518 344 1264
11.68 8.19 20 3909 349 1374
18.62 7.62 28 5404 384 2219
15.63 7.61 26 2991 385 1414
18.26 6.85 23 3412 451 1694
12.91 7.64 28 2676 325 1078
18.72 7.93 21 3949 479 1903
15.06 8.4 27 3122 353 1300
16.63 5.31 35 1971 282 1014
15.94 8.37 33 2344 299 1127
17.3 5.65 33 2620 276 1114
11.88 8.28 12 6295 548 2304
16.22 7.45 35 1946 277 985
19.05 7.64 37 1988 313 1199
18.49 7.66 24 3065 470 1637
15.13 6.27 30 2578 306 1226
20.67 5.53 38 2049 315 1188
15.68 8.07 40 1834 259 904
17.7 5.44 24 3012 468 1587
17.03 8.26 36 2092 313 1093
16.04 6.31 30 2538 346 1154
15.26 6.15 38 2078 269 930
18.65 8.34 26 3005 410 1535
17 5.02 36 2063 318 1091
15.37 5.14 27 2647 334 1219
15.11 7.18 40 2058 275 874
17.8 5.94 28 2681 405 1367
16.24 8.04 42 1519 266 867
18.64 7.52 21 3620 538 1912
19.98 5.59 45 1675 299 989
17.12 7.92 21 4177 568 1948
17.77 8.23 44 1887 255 898
18.69 5.56 35 4603 314 1061
13.21 2.85 22 2894 339 1263
18.52 8.21 41 2161 273 953
15.62 5.55 22 3679 424 1641
19.18 6.11 30 4930 343 1242
16.93 8.14 25 3367 395 1428
17.66 7.07 34 2040 330 1097
17.03 7.54 35 2330 289 1027
17.46 6.25 30 2392 354 1230
16.67 8.14 37 2316 293 951
14.9 8.08 28 2391 330 1126
12.35 11.63 22 3005 526 1206
13.21 10.74 19 4020 717 1475
11.52 12.37 16 4804 684 1670
14.32 13.91 20 3732 579 1517
13.8 10.91 21 3429 636 1528
12.43 10.08 27 2847 529 977
14.09 12.65 27 2491 507 1207
14.66 12.69 22 3079 518 1421
11.91 10.76 24 3387 508 1149
16.34 11.85 23 2997 564 1516
11.42 12.24 30 2256 365 873
15.64 10.77 24 3490 540 1389
14.75 11.66 35 2059 393 965
14.66 11.51 22 3180 511 1421
14.69 10.76 30 2250 523 1122
13.64 12.2 20 4176 526 1462
14.93 13.27 21 3654 635 1630
10.94 11.62 22 3284 465 1070
15.28 11.54 21 3549 624 1669
14 9.52 34 2111 409 886
12.41 11.13 17 4652 628 1656
14.46 12.63 22 3183 618 1411
13.39 12.8 18 4400 660 1712
13.46 10.58 17 4496 723 1701
11.56 12.3 22 6840 500 1168
13.11 9.96 25 2899 473 1127
12.48 12.09 18 4293 646 1569
14.33 10.64 24 3060 540 1272
13.25 11.18 18 4140 735 1664
12.92 10.62 26 2767 424 1057
12.06 12.03 15 4824 843 1819
15.08 10.83 29 2750 506 1116
12.63 12.81 23 3128 589 1219
13.89 9.9 26 2552 529 1148
13.5 11 27 3000 560 1140
15.79 10.97 31 2553 598 1189
15.24 12.62 16 9660 817 2067
14.34 8.32 31 4777 430 925
12.6 12.41 21 3260 597 1271
14.11 11.98 25 3084 550 1228
13.11 11.29 22 3363 583 1260
11.09 12.63 25 3108 446 941
14.05 12.43 32 2175 436 928
12.84 11.72 32 2259 414 844
14.19 12.04 27 2616 515 1110
14.6 12.11 31 2485 449 995
13.95 11.72 24 3105 529 1243
13.54 11.59 22 3180 581 1314
14.74 13.2 24 3360 606 1313
24.17 7.6 19 4696 742 2637
15.02 9.54 7 9780 1161 4475
20.79 7.75 8 10822 1475 5414
20.11 9.77 14 4474 910 2998
15.08 7.02 10 9546 815 3222
19.44 12.56 13 6401 912 3440
18.92 7.72 12 6325 901 3373
15.03 11.73 10 7440 930 3413
23.55 8.6 17 3988 744 2962
12.62 11.36 7 10688 1078 4082
19.62 9.21 11 5553 991 3814
18.62 12.34 11 8291 999 3830
19.52 7.71 10 7920 1049 4150
11.23 10.76 8 7972 795 3274
18.34 7.51 20 4623 565 2047
15.3 9.95 11 6016 851 3235
24.27 7.73 17 9272 883 3075
18.25 11.61 14 6428 796 2930
19.45 9.09 12 13185 953 3224
15.98 11.13 9 10087 1164 4679
15.05 8.68 16 3626 489 1998
19.72 11.8 10 16194 884 3827
26.42 9.2 17 4934 1006 3304
16.54 7.96 11 7091 854 3427
14.95 6.83 10 8010 831 3181
16.48 10.85 7 9403 1360 5367
18.95 10.26 10 6750 1162 4024
17.18 10.31 14 5996 748 2799
13.84 9.45 7 7963 1237 4295
20.99 7.39 9 10460 1263 5070
18.7 8.49 13 6161 858 3166
14.55 9.9 7 8323 1220 4345
19.4 9.07 10 9288 1064 4051
12.7 9.05 5 12468 1420 5312
15.4 7.48 11 8956 924 3411
23.02 8.03 17 8513 756 2511
17.02 10.06 12 7535 1013 3668
21.94 9.23 10 14256 1024 3694
13.46 7.36 7 11494 965 3982
22.78 9.24 20 3696 662 2359
17.11 7.49 15 4488 659 2361
12.67 2.44 14 5811 494 1910
15.15 2.19 14 5944 606 2314
18.2 2.79 26 2868 517 1601
16.4 2.78 24 3465 418 1461
17.33 3.07 31 2261 451 1279
14.92 1.78 10 7008 832 3187
19.31 2.53 36 2308 456 1254
15.03 2.18 21 3283 399 1528
15.98 2.97 28 2670 521 1388
17.34 2.86 15 5916 571 2464
18.04 2.55 31 4988 428 1337
18.54 1.59 15 5444 652 2637
17.03 2.21 38 1887 363 1046
16.04 2.51 29 2607 280 2112
18.9 2.59 31 2270 456 1422
17.34 2.31 20 3468 506 1845
18.6 2.47 30 2622 502 1443
15.07 2.62 26 3120 388 1233
19.27 2.32 24 3012 534 1868
18.17 3.13 22 3603 527 1756
15.75 3.28 32 2436 280 1136
13 1.08 13 4537 600 2161
17.83 1.5 25 2916 454 1646
17.58 2.59 22 4424 476 1721
17.36 2.04 20 3252 541 2006
15.81 2.77 29 2561 395 1178
16.83 2.47 28 3064 434 1391
13.18 2.75 15 4324 561 1882
16.78 2.48 24 3165 523 1617
18.27 2.37 39 4434 356 1045
14.91 2.43 31 2435 402 1266
15.4 3 17 9491 634 1859
18.9 3.05 19 8340 602 1973
16.56 1.77 25 2834 516 1428
20.41 1.73 27 2149 501 1681
19.58 1.56 26 2806 529 1638
17.26 3.22 22 4096 595 1844
18.28 2.48 23 3125 493 1732
19.29 1.79 21 7486 598 1847
20.98 2.92 38 2042 367 1204
11.04 3.24 15 5352 622 1817
17.31 1.75 26 5735 415 1252
20.32 2.57 38 2190 360 1131
13.76 2.68 23 3290 461 1264
20.5 1.91 26 2642 552 1690
11.15 2.01 16 4166 476 1475
13.82 2.01 7 12128 1471 4158
17.09 1.78 21 3649 613 1715
9.98 2.19 6 12190 815 3512
14.78 6.31 20 3486 412 1530
18.42 8.14 33 2745 340 1163
17.56 4.41 18 3910 491 2034
13.93 5.95 15 4644 520 1936
13.19 4.29 25 3408 312 1125
12.76 7.36 14 5644 552 1949
13.01 7.76 16 5209 413 1738
6.99 6.09 7 8691 431 2135
20.49 7.25 35 2949 341 1247
6.8 4.83 17 2926 239 849
15.4 6.04 29 3246 301 1129
17.48 6.19 35 2659 311 1141
12.5 6.91 23 7174 339 1128
20.36 7.89 31 4941 375 1354
13.34 5.82 28 3019 295 1015
19.68 6.67 26 2841 429 1607
14.62 6.77 16 5036 541 1951
17.85 4 28 2659 440 1388
8.25 3.67 11 7309 367 1631
19.97 6.11 28 5494 426 1520
19.97 4.26 25 2998 456 1738
21.52 4.48 34 2352 368 1373
12.65 4.24 20 3861 376 1322
17.27 3.96 32 2829 365 1217
16.74 4.8 18 8683 474 1789
12.16 3.35 17 3625 393 1494
19.75 4.85 28 3375 426 1472
12.95 5.23 10 6996 654 2686
19.74 5.42 30 3030 380 1382
17.2 4.78 23 7049 433 1526
16.64 8.46 26 2845 367 1326
14.57 5.6 23 3154 396 1310
21.08 3.62 20 3915 545 2183
19.12 3.45 15 4604 610 2659
23.26 4.52 23 3470 584 2319
22.11 3.08 21 3331 489 2194
20.01 6.02 22 3657 567 2267
24.01 3.27 25 3473 478 2001
20.16 2.57 15 10680 734 2823
20.79 4.39 12 5570 788 3704
15.07 5.16 13 5621 661 2668
19.5 2.3 13 6092 670 3209
20.68 4.96 13 5331 846 3615
21.77 3.64 15 5772 660 3106
19.25 4.89 16 5381 731 2936
22.73 3.9 16 4766 660 3039
24.42 5.34 9 17733 1241 5764
16.59 3.84 8 8715 940 4488
19.72 4.87 16 4759 675 2857
20.78 3.38 11 7647 895 4020
18.64 5.91 14 5190 756 3098
20.29 3.03 11 7004 858 3921
21.18 3.92 14 5683 780 3390
21.22 2.86 13 6051 777 3466
17.98 4.41 17 3748 555 2356
18.09 3.14 12 6455 792 3451
22.25 5.71 14 5764 806 3600
19.94 3.31 15 10852 701 2890
19.04 3.39 21 3626 520 2067
22.82 2.66 16 9930 674 2777
20.04 5.06 19 4298 642 2497
19.04 3.25 13 5243 723 3114
19.71 4.19 16 9480 646 2703
20.16 2.99 15 5824 745 3234
19.74 3.66 17 4606 650 2557
22.53 2.85 18 8860 547 2371
21.96 4.07 22 3736 553 2254
19.41 3.32 13 6194 694 3428
20.82 4.68 19 8485 535 2291
18.22 3.2 10 15444 747 3691
19.41 3.32 15 4828 727 2721
17.65 3.29 15 4804 611 2458
21.83 5.58 17 5008 629 2684
15.99 3.18 14 5511 689 2825
21.84 4.56 11 14296 856 3577
23.44 4.48 19 4181 600 2568
17.88 3.86 17 3794 562 2211
17.94 3.92 19 4137 470 1956
24.08 4.94 24 3327 497 2079
21.51 3.12 16 4920 669 2786
10.31 6.93 6 12780 833 3571
22.64 6.45 19 4554 478 2489
20.87 4.49 18 3917 792 2594
23.33 7.31 19 4083 572 2570
22.96 8.8 17 4683 819 3009
19.07 3.53 10 8232 763 3984
19.73 5.7 14 5511 864 3509
23.66 3.15 14 5824 634 3491
12.89 4.97 6 24140 952 4133
22.3 5.25 15 4600 677 3070
23.69 5.32 7 11468 1610 7627
18.24 5.53 12 7085 597 3135
24.65 6.45 15 5660 834 3690
17.2 3.63 9 6947 851 3941
17.13 7.52 11 5918 830 3494
12.39 5.72 8 9435 566 3210
21.77 7.59 12 7510 880 4064
28.95 5.85 21 4563 632 2858
21.84 7.96 13 5658 866 3761
14.43 6.61 9 8553 730 3324
21.15 5 12 5570 951 3969
16.92 6.23 8 8782 1009 4410
22.11 3.95 21 3891 613 2376
18.91 7.57 13 5908 658 3041
24.67 8.76 17 3960 803 3268
22.26 5.39 18 4480 612 2583
18.49 5.9 16 5261 656 2605
21.31 6.94 16 4770 625 2787
20.25 6.35 18 4120 632 2533
20.83 4.98 13 6369 725 3359
20.79 6.5 17 4359 697 2754
18.38 2.94 26 2855 331 1478
22 8.84 15 4972 820 3226
26.37 4.93 16 4819 751 3442
19.5 6.92 21 3709 538 2039
17.83 4.98 8 9975 1034 4766
18.55 9.17 14 4658 689 2911
27.79 4.13 20 3657 662 2971
23.1 8.99 21 4040 579 2326
19.58 4.02 15 4888 599 2794
19.9 6.65 16 4830 679 2614
20.59 5.37 16 4215 661 2704
19.79 8.12 14 5858 810 2939
18.6 6.13 13 5977 790 3044
19.35 6.8 17 9547 639 2581
16.88 7.27 7 21651 1098 4446
22.31 5.3 20 3885 603 2318
21.1 5.13 16 5227 763 2981
17.87 6.2 11 13554 771 3011
23.32 7.8 34 2299 518 1466
22.13 8.14 22 2907 633 2131
23.37 6.14 39 1977 493 1483
23.17 8.36 25 2957 563 1962
22.06 5.22 27 5267 587 1767
23.38 7.18 27 2511 629 1835
24.93 7.64 32 2385 601 1801
23.4 6.6 28 2428 553 1781
22.78 6.93 36 1787 508 1517
22.86 7.08 38 2016 401 1283
22.05 8.77 32 2278 481 1578
26.46 5.94 35 2150 480 1611
23.49 7.98 33 2265 561 1672
23.52 6.79 29 2054 542 1730
24.08 7.89 37 3981 481 1454
15.53 6.2 18 3537 453 1854
22 7.42 30 2296 514 1681
29.92 7.44 37 2340 482 1737
22.96 7.71 30 2300 498 1755
24.63 5.07 42 1681 392 1259
23.27 7.22 37 1842 531 1426
23.03 7.56 35 1968 486 1413
22.86 7.14 31 2311 476 1675
22.78 6.62 40 1809 392 1224
26.98 4.44 32 2177 566 1908
24.32 8.42 39 1691 433 1339
24.59 6.83 32 2154 557 1739
23.9 7 36 1932 550 1414
23.05 7.6 32 2259 497 1628
24.75 8.36 36 1858 479 1462
23.75 8.97 45 1484 410 1195
24.78 5.8 46 1563 376 1159
24.36 6.28 34 2162 489 1592
24.29 7.26 45 1467 420 1160
23.17 7.91 44 1653 415 1170
22.5 6.35 28 2477 617 1748
20.26 5.32 25 2578 568 1799
26.68 7.47 48 1335 441 1211
26.03 6.69 39 1805 431 1418
21.84 8.26 31 2127 501 1532
22.43 7.56 36 1955 447 1317
24.65 6.14 34 1945 491 1533
22.8 7.57 28 2657 527 1714
22.68 6.06 39 1738 441 1225
23.25 6.02 31 2305 524 1584
22.47 7.01 35 2002 494 1356
22.67 6.83 32 2169 518 1512
23.42 7.67 28 2434 584 1786
22.46 6.43 35 2009 454 1371
18.18 4.32 22 3041 547 1743
11.92 4.84 13 5709 529 1958
16.54 5.04 41 1948 249 923
19.01 3.8 25 2635 555 1740
16.95 4.42 27 2798 489 1470
19.25 4.68 33 2125 510 1372
19.83 5.68 35 2205 453 1323
17.63 5.26 46 1580 355 912
20.44 5.79 28 2704 561 1699
18.55 4.35 27 2336 541 1596
15.98 4.63 32 2304 395 1153
17.08 4.44 36 2002 422 1094
18.13 3.86 38 1852 389 1102
19.26 3.87 32 2293 453 1391
18.89 5.02 26 2705 558 1678
21.03 3.94 36 1993 458 1350
20.67 3.39 26 2811 626 1783
21.32 4.3 38 2000 426 1312
21.97 4.1 30 5126 562 1546
18.67 2.97 22 3049 607 1790
20.12 4.24 21 3809 677 2069
17.12 4.19 19 7784 607 1845
19.61 4.25 26 3381 428 1591
20.12 4.33 27 2409 499 1573
20.18 4.91 25 2779 606 1704
17.9 4.68 30 2496 472 1260
18.68 5.35 31 2270 450 1270
19.55 4.93 39 1875 352 1058
17.99 4.88 27 2949 469 1407
19.01 4.85 27 2751 478 1486
23.82 6.91 28 2456 549 1818
19.04 5.56 29 2141 502 1502
16.18 4.92 24 3205 515 1441
20.94 8.52 36 2202 483 1333
18.19 4.8 23 2974 566 1745
18.03 7.82 34 1832 475 1240
21.94 6.08 22 3447 580 2128
20.34 8.43 34 2014 499 1410
19.61 7.18 18 4263 692 2323
19.54 8.83 24 3182 611 1899
22.07 6.3 26 2755 523 1810
19.7 6.68 26 2709 590 1766
18.76 6.06 28 3011 446 1430
19.27 7.28 36 2145 356 1248
14.07 5.51 30 2276 203 997
15.3 7.8 26 2418 528 1367
16.6 5.92 24 3637 481 1548
22.92 6.55 34 2096 534 1569
20.81 6.24 19 7892 634 2228
18.41 7.51 26 2635 620 1633
19.89 4.83 21 3909 635 2073
20.18 6.23 26 3143 582 1789
17.7 4.77 32 2321 433 1241
20.69 5.07 30 2076 522 1593
18.62 5.65 24 6245 498 1637
15.76 7.6 14 4847 802 2599
21.95 6.25 30 2442 544 1568
20.89 10.12 31 2719 555 1557
22.26 4.8 24 3277 631 1985
18.16 5.83 26 2762 540 1614
18.88 6.41 26 2428 522 1562
17.58 7.85 25 2657 528 1570
19.96 6.25 35 2028 454 1228
20.48 5.42 36 2348 302 1264
21.39 4.68 24 2930 652 1941
16.42 8.71 23 2734 499 1585
18.51 4.69 29 2456 472 1393
19 6.86 24 3090 506 1687
21.49 6.76 21 4009 641 2155
18.57 6.68 24 2865 506 1632
18 6.67 26 2751 493 1460
22.2 7.99 26 3035 560 1802
18.93 6.74 26 2298 518 1537
20.49 6.87 31 2452 491 1396
20.46 6.99 33 2342 461 1309
15.43 5.89 25 2606 421 1332
20.85 8.21 29 2607 516 1517
19.63 3.62 31 2295 443 1313
17.13 4.88 23 3545 519 1553
16.9 3.08 34 2396 351 1211
17.28 3.3 19 3530 606 1896
18.68 3.8 21 7403 597 1927
18.65 3.32 29 2915 453 1373
17.88 4.75 28 2683 500 1469
19.63 3.52 33 4511 404 1242
18.41 3.18 33 1971 416 1284
17.28 5.06 27 3047 468 1368
19.15 4.47 35 1925 415 1244
14.37 2.66 22 3464 480 1399
19.61 3.48 36 2197 400 1233
18.89 4.53 23 2870 571 1756
19.07 3.51 22 3483 628 1961
19.06 3.21 27 2864 548 1502
16.34 4.35 33 2005 379 1148
15.29 3.3 29 2158 440 1123
16.06 3.21 24 3292 556 1560
18.04 4.76 28 2927 468 1371
16.64 3.76 25 3029 463 1483
16.11 3.65 24 2942 544 1426
17.72 3.66 34 2155 408 1162
18.05 3.37 26 2813 511 1473
17.97 3.33 30 2210 450 1364
17.84 4.79 32 2398 430 1185
18.78 4.56 27 2949 532 1586
18.25 2.84 32 2340 446 1212
17.59 3.46 31 2338 468 1294
16.4 4.42 33 2036 383 1056
14.9 3.56 22 3082 516 1545
15.22 3.23 37 2264 229 878
17.44 3.59 27 2578 480 1416
16.95 3.82 21 3609 504 1724
18.21 4.51 25 3055 575 1585
16.23 3.55 21 3546 523 1674
18.41 3.82 27 2920 521 1486
15.94 2.79 21 3177 502 1647
17.66 2.55 27 2349 487 1379
18.87 4.44 31 2671 453 1272
14.64 2.85 24 2880 449 1275
16.88 4.3 30 2682 315 1175
15.56 3.22 26 2788 433 1249
17.48 4.43 42 1910 307 888
16.8 3.4 27 5842 438 1260
16.63 4.63 30 2328 394 1148
19.21 3.27 28 2612 475 1422
17.67 3.74 22 3365 529 1663
15.54 4.66 9 10193 777 3582
18.19 4.61 13 6471 758 2927
15.68 5 16 5160 559 2197
14.83 4.79 7 9548 1121 4432
19.49 5.43 9 8760 1142 4828
18.44 4.31 9 9067 1029 4284
13.72 7.89 12 6455 741 3423
16.62 4.49 11 7609 715 3117
16.22 7.77 13 6268 740 2832
18.48 6.16 30 2710 292 1272
14.72 6.28 11 7298 715 3011
14.57 4.31 13 6208 538 2313
15.36 8.1 12 6435 692 2875
8.37 5.82 10 6222 388 1728
5.78 4.61 7 10123 452 1856
17.69 4.34 11 8340 687 3331
20.44 8.04 13 6041 822 3525
14.94 6.85 14 5991 542 2210
15.7 7.82 15 5900 581 2345
16.92 3.53 12 6540 708 2920
14.75 7.25 11 7396 792 3023
14.42 5.8 14 5023 511 2149
14.26 9.58 15 5248 519 2146
14.28 4.9 11 7865 660 2708
13.37 5.47 13 6175 565 2314
16.33 5.96 9 8193 913 3787
15.71 4.72 10 6294 874 3534
15.33 4.35 15 5024 516 2137
14.99 8.47 10 8550 863 3374
14.83 4.39 11 6813 640 2826
14.01 6.99 11 6387 768 2867
15.93 6.14 18 4730 483 1852
15.6 7.18 9 8920 1005 3822
14.91 4.21 10 7692 791 3114
16.66 5.15 15 5508 689 2436
16.69 4.4 8 10207 1120 4446
14.04 5.15 7 10303 1106 4407
14.35 4.09 9 7553 748 3413
16.6 7.09 14 5807 697 2509
15.91 4.62 12 5655 760 2789
15.55 6.76 6 14180 1490 5451
17.59 4.5 15 5696 691 2671
16.95 6.44 17 9579 525 1901
15.63 6.03 10 7500 839 3275
16.76 4.5 15 4644 637 2338
13.56 6.25 12 7425 723 2725
16.4 4.81 10 14124 686 2958
13.28 4.63 10 8142 638 2755
17.83 5.3 39 1852 384 946
18.04 3.88 43 1553 369 874
17.63 4.74 44 1477 398 919
18.42 4.81 33 2382 430 1163
16.33 7.01 52 1528 331 719
19.53 5.62 39 1668 414 1045
16.93 3.92 71 767 269 549
19.83 6.85 62 1044 340 737
17.32 3.72 44 1688 360 843
18.95 4.03 62 1313 327 696
18.37 4.67 50 1469 325 2230
14.57 5.99 49 2972 291 673
19.06 4.87 33 2175 450 1236
19.83 6.5 54 1381 333 832
17.67 5.18 46 1488 342 874
15.11 4.32 60 1180 278 583
18.25 3.78 59 1160 298 658
17.28 5.9 53 1280 330 759
17.74 3.46 59 1219 309 641
18.87 4.71 61 1042 306 692
18.64 5.14 45 1461 435 880
17.21 4.34 49 1653 326 783
15.83 3.62 49 1607 354 706
17.92 4.21 36 1673 412 1133
17.7 3.45 45 3165 404 814
17.63 6.66 42 1653 396 957
17.17 3.29 50 1446 335 730
14.87 4.62 33 2573 423 1029
18.35 3.21 49 1440 363 796
15.42 4.63 36 1978 429 1044
17.94 5.81 51 1344 326 751
17.74 6.22 40 3774 381 907
16.71 4.91 44 1732 375 812
19.17 4.09 61 1160 317 684
15.89 4.86 41 1550 383 839
17.67 6.29 47 1245 361 818
19.19 3.57 54 1230 327 770
19.24 4.24 45 1543 402 898
18.52 5.05 53 1447 344 731
19.46 4.01 54 1324 337 753
16.55 5.11 36 2043 397 971
22.04 4.55 55 2733 361 829
14.34 4.84 34 1862 384 877
19.51 3.69 45 3687 433 932
14.83 4.96 35 1889 395 838
17.52 5.07 47 1340 366 772
18.89 5.99 46 1569 363 851
16.56 2.48 35 2131 329 997
18.05 4.74 25 2851 470 1542
20.26 2.48 36 2228 389 1226
17.58 4.12 31 2286 416 1212
21.23 2.97 37 1841 366 1224
18.7 5.11 25 3204 492 1596
20.62 3.03 42 1523 392 1145
19.4 2.76 29 2450 413 1426
16.76 5.74 44 1820 342 887
18.43 4.52 29 2611 384 1356
19.19 2.5 35 1757 414 1276
22.73 2.59 34 2132 401 1422
20.18 4.05 43 1910 377 1091
19.28 3.32 39 1868 345 1052
17.2 3.94 34 1922 370 1177
16.79 3.68 35 2093 335 1021
20.26 3.93 45 1628 340 1055
18 3.88 40 1885 332 988
19.54 4.44 26 2723 527 1732
19.93 3.56 39 1846 339 1102
19.72 3.98 33 2222 413 1379
18.04 3.71 39 1895 326 1008
20.37 5.46 32 2561 467 1470
18.16 3.64 34 2206 366 1144
17.5 2.95 33 1904 404 1225
18.92 4.2 22 3324 529 1841
20.75 3.92 40 2014 399 1198
19.57 3.36 40 1822 342 1051
18.09 3.66 25 2568 500 1616
19.31 4.04 44 1853 323 961
20.32 4.08 40 1905 382 1130
20.7 2.73 47 3194 307 943
16.73 3.52 33 2085 382 1127
19.78 3.13 41 1806 337 1052
12.87 4.54 23 3756 406 1195
20.31 4.06 33 2140 428 1296
12.74 2.42 22 3144 430 1223
19.08 4.22 35 2246 380 1151
20 4.36 32 2332 444 1318
13.87 2.77 24 2842 406 1221
15.98 2.82 35 2174 352 964
20.04 3.05 34 2102 427 1244
16.3 3.65 24 3510 482 1491
16.35 4.71 30 5124 364 1101
21.03 5.04 42 1890 421 1069
16.99 4.06 34 2141 341 1059
18.4 2.49 26 3018 491 1644
19.81 3.68 23 3313 537 1825
18.05 5.32 30 2708 430 1399
21.21 3.46 40 1842 353 1122
17.98 4.35 26 2564 501 1599
16.29 4 25 2906 431 1390
19.41 4 36 2228 439 1248
20.17 3.5 53 1433 253 812
18.01 3.59 18 3803 672 2291
20.01 4.19 32 2254 403 1333
18.31 4.29 32 2319 428 1312
18.21 4.06 44 1608 310 883
16.94 2.3 31 2261 408 1252
18.91 4.3 34 2462 375 1196
18.48 4.68 30 2440 424 1412
15.67 3.73 37 1751 324 911
17.9 3.91 26 2601 467 1578
19.74 3.95 39 1948 359 1087
20.41 3.85 56 1380 269 828
18.35 4.31 32 2254 466 1232
18.91 3.22 33 2167 410 1300
17.73 4.37 43 1905 311 902
19.67 3.78 61 1259 268 731
22.2 4.23 48 3177 344 977
17.87 3.65 48 1376 292 844
19.65 3.92 46 1521 294 909
18.97 4.72 38 1873 410 1131
17.83 4.24 29 2435 443 1306
16.25 3.38 46 1852 260 819
17.17 3.72 50 1384 303 737
17.87 3.66 35 4246 362 1107
20.65 5.31 50 1468 343 887
16.26 4.78 39 1715 348 927
19.06 2.62 30 2426 519 1382
21.77 3.47 35 2198 464 1381
19.09 3.71 37 2119 376 1140
16.31 5.67 27 2713 485 1282
17.66 4.7 30 5026 467 1259
15.39 4.05 31 2541 505 1065
18.13 3.76 29 2232 432 1322
17.7 3.75 38 1918 390 982
16.05 4.16 36 1958 340 939
19.45 3.26 35 2107 413 1174
18.69 3.92 43 1718 391 918
16.93 4.5 40 1735 366 904
18.03 4.08 45 1779 347 856
14.71 3.55 19 2905 543 1654
21.67 4.65 38 1907 363 1181
16.82 5.45 27 2871 389 1300
16.98 6.76 30 2670 353 1298
21.86 5.65 37 1892 358 1232
17.97 5.77 26 2804 442 1585
20.33 5.05 34 2178 357 1246
18.02 3.65 28 2533 380 1481
15.39 7.05 31 2545 319 1058
20.87 5.58 37 2194 372 1298
21.39 2.82 31 2237 427 1476
18.25 5.51 37 1810 297 1119
19.62 5.52 27 2862 444 1554
19.43 4.15 40 1938 306 1101
18.92 6.15 29 2659 386 1396
17.42 6.05 46 1536 254 859
15.53 3.61 35 2023 321 944
19.69 6.53 41 1778 305 1118
20.21 5.82 40 2052 308 1076
18.47 4.74 41 1793 304 1049
19.52 4.22 40 1932 292 1038
19.07 6 32 2526 359 1334
21.8 5.79 30 2358 432 1617
18.14 6.21 39 1952 302 1072
16.27 4.23 31 2441 344 1197
20.26 5.97 23 3230 522 2012
16.68 5.61 28 2531 413 1358
18.75 4.55 36 2070 348 1144
20.04 5.67 39 1888 345 1118
18.85 4.18 42 1859 320 977
17.59 4.06 34 1969 335 1082
17.16 6.02 29 2613 379 1235
21.4 4.09 32 2340 368 1397
18.34 5.38 30 2572 379 1276
18.15 5.74 33 2551 363 1147
18.6 3.49 33 4824 425 1376
21.34 4.99 33 1904 368 1142
18.64 6.07 31 2493 360 1246
19.67 3.56 34 2446 398 1273
18.29 6.72 34 4489 337 1040
13.57 5.98 22 2997 461 1300
15.35 5.01 24 3355 425 1368
14.32 4.43 24 3477 407 1276
13.65 6.41 22 3267 408 1324
12.78 4.58 15 5280 496 1818
13.66 6.48 23 3423 384 1270
16.54 6.68 22 3406 498 1604
15.17 4.74 19 4102 548 1703
14.77 4.6 16 5179 618 1996
13.36 6.43 22 7074 452 1265
13.96 5.07 18 3987 572 1647
15.11 6.79 24 3277 487 1354
14.92 4.71 30 2526 373 1072
12.81 6.72 21 3460 474 1314
17.24 6.81 22 3469 569 1714
14.99 4.71 17 4553 586 1887
14.72 6.5 25 2731 428 1265
18.92 6.87 32 2490 484 1272
15.9 4.42 24 3042 522 1446
19.06 6.88 24 3147 550 1731
12.68 3.68 16 4755 589 1669
13.93 3.53 28 2871 390 1048
9.5 3.86 18 4360 466 1116
12.76 4.06 25 2954 420 1080
10.33 4.48 21 3800 407 1039
9.71 4.41 16 3892 474 1284
11.86 3.81 31 3029 355 849
13.96 3.94 33 4682 365 856
11.47 5.33 28 2824 335 869
19.34 5.52 52 1634 244 786
18.6 4.8 38 1958 304 1045
15.5 7.02 30 2550 237 1181
16.93 4.79 21 3343 425 1722
19.52 5.04 22 3109 460 2031
21.4 4.93 39 2163 315 1172
22.87 4.81 31 2704 442 1730
19.04 5.81 28 2571 347 1451
13.71 6.41 38 1784 260 849
18.72 5.08 36 2218 222 1132
22.32 5.75 43 1801 343 1215
22.63 4.8 38 2218 284 1326
18.42 4.12 43 1789 294 1000
23.37 4.56 39 4117 290 1224
15.93 5.28 39 1894 333 1118
17.4 5.39 25 2998 311 1479
23.7 5.12 35 4334 396 1392
20.1 3.45 53 1396 234 807
24.12 4.93 34 2264 436 1649
13.04 4.03 30 2330 252 925
16.98 5.31 29 2354 375 1354
23.44 5.04 41 1968 321 1228
18.07 4.78 22 3755 611 2335
11.99 4.78 28 2595 252 946
25.61 5.31 41 3781 324 1205
18.9 4.84 50 1508 239 846
15.62 5.17 38 2048 287 949
18.65 4.55 44 1711 256 908
22.25 4.04 28 2447 478 1834
21.04 4.91 44 1916 308 1069
20.33 5.79 40 1891 342 1175
20.42 3.95 46 3489 256 911
17.31 5.87 37 1810 293 1047
17.33 5.03 31 2443 359 1270
22.02 5.08 38 2206 367 1381
21.51 4.66 37 4325 344 1255
24.72 5.44 53 2941 274 971
22.82 3.77 31 5166 390 1547
16.45 4.92 34 2291 311 1094
18.84 5.25 33 4796 305 1126
21.77 6.43 45 1692 289 1021
17.47 5.08 49 1341 232 754
22.97 4.82 29 2913 431 1673
17.67 4.73 33 2020 321 1131
21.83 4.92 47 1668 282 981
15.01 6.96 33 2180 297 960
21.05 4.44 48 1630 251 926
16.76 5.49 34 1837 284 1040
14.02 4.82 20 7653 391 1414
19.48 2.68 17 4740 539 2396
22.66 3.83 20 3621 682 2541
17.03 5.81 12 6490 676 2971
17.11 5.87 20 3792 493 1909
15.79 4.23 13 5829 563 2542
19.49 5.59 19 3786 608 2313
7 2.07 12 3820 248 1203
20.77 4.66 29 2590 442 1624
18.42 5.83 17 6988 537 2235
19.61 4.84 24 6920 541 1967
19.04 4.04 14 5627 652 2805
18 4.74 28 2372 411 1629
20.33 2.49 20 4038 469 2098
20.15 3.96 21 3929 543 2156
15.85 4.32 17 4627 497 1933
19.53 4.6 25 2861 553 1748
11.64 4.53 10 5532 568 2413
16.61 4.33 23 2875 442 1619
14.49 2.63 10 8832 722 3000
22.85 4.37 24 3227 523 2144
17.42 4.05 14 5871 590 2592
18.04 4.41 23 3357 468 1768
19.39 4.42 14 5944 682 2893
19.24 4.6 26 2868 442 1666
17.1 4.67 23 3605 411 1550
18.82 4.14 18 4113 601 2355
15.1 2.44 15 4588 483 2107
17.73 4.57 14 5203 758 2850
18.31 3.05 29 2779 342 1321
22.44 4.78 28 2786 519 1806
13.46 4.56 14 5828 482 2009
16.03 6.47 24 2930 434 1470
14.69 2.41 14 5828 576 2193
20.48 4.45 23 3524 522 1954
16.61 3.59 20 3738 469 1769
15 4.01 15 3876 608 2193
17.12 3.35 11 6856 824 3328
20.91 2.72 24 3897 472 1846
15.45 5.53 11 6376 797 2951
15.83 2.55 20 3372 458 1663
22.65 3.07 24 3925 479 1965
18.89 3.74 20 3870 525 1957
10.57 3.78 13 4537 451 1703
20.57 3.17 20 4539 540 2157
18.08 5.19 20 3882 494 1876
15.19 3.82 18 4213 484 1751
20.88 5.11 22 3856 489 2008
17.84 4.71 29 2688 342 1297
20.27 3.83 27 2591 395 1604
20.21 2.7 23 2966 575 2010
20.6 4.63 27 3138 430 1631
19.92 5.92 36 2060 394 1265
21.51 2.99 28 2505 423 1642
19.24 4.54 38 1862 376 1187
21.96 3.86 29 2292 397 1618
19.73 5.48 40 1881 384 1161
20.55 5.8 22 3802 460 1993
13.31 2.32 26 2564 386 1196
21.62 3.66 31 2626 381 1489
21.34 5.43 36 2285 429 1380
19.72 3.99 30 2322 396 1402
18.27 5.13 28 2516 453 1522
20.96 4.74 33 2447 355 1352
19.15 5.41 23 2877 580 1937
17.27 5.43 30 2374 360 1222
19.45 4.06 29 2619 456 1560
20.83 3.9 23 3321 555 1924
17.91 5.43 47 1509 300 880
15.63 6 25 2678 384 1348
19.02 4.63 29 2537 440 1511
18.08 4.37 29 2849 401 1343
19.58 2.63 29 2454 453 1561
20.2 3.21 34 1989 404 1320
19.21 5.13 26 2982 484 1708
15.89 4.96 29 2712 351 1171
21.19 5.74 30 2228 471 1633
18.28 4.98 28 2623 398 1398
18.22 2.69 23 3342 575 1832
20.32 3.29 34 2363 382 1285
17.93 6.14 24 3422 462 1668
21.24 4 30 2402 442 1525
16.94 4.73 23 3389 476 1802
16.88 3.34 19 3729 532 1930
24.35 4.59 26 6044 516 1937
20.51 3.8 21 3583 607 2126
15.1 4.12 21 3123 464 1536
23.17 2.22 29 2808 491 1684
18.33 5.44 25 2770 461 1543
19.31 3.86 33 1998 394 1236
21.24 4.61 20 4110 642 2241
20.81 3.64 34 2093 400 1292
21.78 3.02 45 1627 337 1022
21.63 3.69 43 1822 335 1062
17.92 4.55 28 2469 379 1350
19.84 4.58 32 2306 375 1308
18.68 2.95 29 2199 433 1335
21.57 7.11 30 2530 472 1497
18.38 7.16 28 2807 493 1369
16 7.12 28 5586 384 1250
19.36 5.01 32 2287 396 1263
17.17 7.02 28 2516 432 1410
15.75 6.9 23 3256 472 1466
19.41 7.46 27 2749 427 1537
17.99 6.13 25 3067 505 1631
16.42 7.48 20 3891 519 1757
13.93 7.05 24 2340 425 1315
16.93 7.24 29 2675 350 1249
20.9 4.91 30 3098 483 1579
21.13 5.09 37 1935 399 1215
16.24 7.06 23 3149 524 1645
17.23 6.79 26 2751 485 1411
18.12 4.9 27 2598 470 1562
18.85 6.78 29 2555 483 1383
16.32 6.71 24 3257 479 1521
18.39 6.96 21 3531 650 1861
18.52 6.98 39 2025 355 1117
17.99 6.94 22 3425 573 1780
19.69 4.65 36 4338 372 1182
20.08 4.69 31 5005 469 1343
14.74 6.79 25 2767 425 1345
16.61 6.79 27 2858 413 1310
20.45 4.92 43 1787 357 1085
19.05 6.52 34 2195 385 1231
19.28 6.22 29 2375 486 1515
18.53 4.86 28 5576 452 1365
18.28 8.66 47 1662 285 849
18.45 6.97 26 2769 545 1517
17.94 4.67 54 1383 278 736
20.31 6.52 30 2486 472 1466
19.18 7.18 58 2697 259 709
18.98 8.38 19 3745 653 2164
19.7 6.88 62 1175 233 666
19.16 4.84 20 3711 606 2078
15.95 6.8 28 5775 381 1190
19.4 6.56 37 1975 363 1095
17.18 6.75 39 1902 307 921
17.58 4.9 35 2064 332 1049
16.44 8.51 26 2972 437 1313
17.83 6.42 36 1857 342 1029
21.9 7.03 39 1997 403 1162
19.04 5.13 32 2295 458 1292
16.47 8.26 26 6028 440 1238
18.25 3.53 24 2632 530 1604
16.52 6.07 12 6305 743 2941
16.88 4.77 18 4440 622 2145
18.42 2.66 19 4004 642 2072
17.17 4.87 14 4856 871 2808
17.8 5.26 24 3400 519 1581
10.8 6.83 18 4810 499 1589
18.26 5 21 2660 574 1856
22.73 4.92 14 10367 1094 3578
19.91 5.66 35 2455 343 1215
16.73 4.78 19 4033 621 2057
18.96 4.45 18 4280 618 2247
16.84 7.15 34 2245 444 1154
16.54 4.85 26 2977 440 1358
17.37 4.84 16 4579 849 2530
14.01 4.21 15 4748 698 1987
17.33 4.67 13 5561 925 3103
16.83 6.42 24 3047 503 1491
15.9 7.05 17 3967 664 2179
18.23 4.76 21 3683 641 1844
17.33 4.82 22 3529 583 1820
15.36 4.63 22 3354 492 1502
15.35 4.95 17 4860 637 2083
17.98 4.53 23 3553 563 1685
14.37 4.69 15 4840 648 2213
14.96 6.68 15 4460 668 2153
15.31 4.67 24 7062 444 1499
20.85 4.85 39 1891 429 1145
17.52 4.95 18 8637 613 2218
15.37 4.72 18 4050 660 1829
21.26 2.61 27 2469 636 1819
16.22 2.63 21 3249 616 1659
15.6 4.63 17 4620 665 2044
18.11 6.23 27 2984 566 1444
20.2 4.91 22 3224 661 2039
17.77 4.92 25 2923 502 1549
16.92 7.05 17 4645 671 2212
19.92 4.81 23 2875 636 1887
17.26 4.43 15 4736 766 2426
16.29 5.2 12 6785 974 3000
16.91 4.86 25 6127 474 1357
16.8 4.78 22 3123 569 1610
18.2 4.8 23 3128 604 1668
16.87 4.9 20 4317 627 1779
17.2 4.93 19 3966 580 1912
16.09 4.75 24 2732 488 1415
19.32 5.52 24 3272 620 1701
13.92 5.89 17 4563 586 1728
17.69 7.08 41 1971 338 1028
22.04 7.61 48 3261 361 1054
18.57 6.67 32 4691 397 1330
18.67 8.06 39 1923 369 1108
20.92 6.24 37 2059 412 1296
18.85 4.88 45 1632 299 959
18.94 7.24 43 1680 310 1008
16.56 8.69 38 1827 314 1000
18.49 4.49 26 2707 471 1630
20.11 7.85 42 1957 340 1129
18.46 5.38 38 3987 333 1058
17.85 8.61 45 1685 289 898
18.1 8.74 44 1741 304 930
17.03 8.76 40 1848 314 964
15.99 6.02 25 2851 432 1447
19.45 5.87 36 2070 392 1202
18.61 6.97 35 1917 389 1181
17.15 7.23 44 1777 304 865
19.4 7.37 40 1744 347 1035
16.67 7.54 40 1798 316 884
18.53 7.6 32 2357 376 1224
18.4 7.44 43 1808 316 902
14.59 6.49 29 2435 399 1060
18.91 5.8 39 1803 357 1024
16.96 8.41 42 1970 314 905
17.03 3.97 26 5829 427 1312
16.38 8.52 26 3141 403 1345
13.63 4.51 34 2262 243 832
15.59 3.61 29 2669 313 1123
17.17 4.89 50 1462 278 800
16.48 5.73 34 2181 290 1013
16.41 5.12 43 3710 306 841
16.98 3.74 32 2533 298 1110
18.4 3.37 51 3089 277 1039
16.31 4 39 1822 226 864
13.95 4.58 21 3214 369 1508
16.09 4.74 43 1828 215 773
19.07 4.92 49 1749 260 883
17.94 3.85 40 1939 252 927
16.56 5.38 46 3526 230 823
18.47 4.53 38 2150 283 1002
18.25 3.96 50 3198 241 798
16.75 3.84 37 1850 274 938
13.53 4.89 39 1785 323 777
17.94 5.3 47 1698 264 791
19.37 3.87 38 1846 315 1141
10.17 4.33 27 2418 254 779
15.07 4.58 36 2245 248 943
21.27 4.79 69 1153 203 642
16.97 5.03 26 3092 329 1469
14.55 4.3 38 2035 256 798
15.62 4.22 22 3196 387 1597
17.46 5.62 50 1667 264 819
19.21 3.68 48 1764 240 901
19.54 3.67 42 3594 260 865
16.66 5.29 34 2112 288 1104
17.36 5.84 37 2283 311 982
14.77 3.34 37 2204 256 899
18.03 3.26 61 1035 218 618
14.57 4.73 33 2207 269 971
16.05 5.26 41 1828 275 817
11.21 5.29 20 3660 333 1257
19.03 4.61 69 1177 219 589
16.79 4.11 41 1957 263 900
14.18 5.61 38 2019 268 798
15.43 5.39 29 2580 338 1124
16.81 3.73 44 1748 270 803
16.58 5.24 44 1705 266 791
13.83 3.88 35 2112 275 822
17.81 4.73 51 1619 236 725
14.64 4.41 41 1624 236 762
18.69 4.09 58 1442 216 676
15.59 5.54 36 2090 297 900
14.84 3.7 35 2067 266 879
16 5.63 35 2290 299 948
17.98 4.73 37 2059 343 1038
19.66 3.81 38 1922 379 1096
19.38 3.51 48 3141 383 936
18.31 4.21 40 1840 345 970
17.53 6.05 44 1469 397 928
18.86 5.06 31 2559 446 1289
17.89 3.3 41 1859 448 1010
16.19 3.88 27 2456 441 1278
18.08 4.52 35 1665 515 1195
19.26 4.72 48 1727 309 882
17.15 5.57 37 1905 436 1063
16.87 5.45 26 5894 437 1335
20.48 5.37 47 1624 403 998
19.81 4.4 30 2516 495 1409
17.41 5.06 33 2187 481 1265
13.39 2.65 23 3410 411 1251
17.5 4.91 48 3079 266 798
16.68 5.25 33 2238 461 1175
16.28 6.08 36 2293 365 1036
14.34 3.9 33 4607 289 845
17.14 4.4 51 1244 277 765
18.9 4.08 35 2151 418 1159
16.76 2.67 47 1714 294 810
13.44 4.35 34 2119 330 849
18.44 5.96 42 1771 338 994
19.9 5.04 42 1719 410 1017
16.09 4.85 38 1661 422 958
15.6 4.45 44 1662 323 755
16.72 5.08 41 1853 367 922
15.9 5.06 40 1704 340 846
15.67 3.27 29 2330 441 1224
18.93 5.5 51 1551 337 797
16.1 6.45 40 1953 372 895
15.31 2.86 44 1580 352 748
18.1 5.19 52 1218 328 773
16.54 4.31 37 1842 408 973
14.75 5.5 38 1873 356 862
17.32 4.28 41 1630 427 919
18.59 5.01 56 1345 281 708
15.39 4.69 33 2138 427 986
18.91 2.91 40 2020 371 1040
19.62 4.72 42 3746 326 946
17.18 4.06 39 1809 358 929
17 4.45 50 1430 289 718
15.04 4.23 48 1439 255 664
18.54 4.84 52 1455 287 761
16.5 4.43 36 2172 360 984
17.36 2.95 37 3952 352 999
15.05 4.84 34 1826 308 948
17.57 5.62 32 2842 375 1183
16.38 3.72 30 2334 468 1267
16.55 4.44 25 3101 380 1401
13.1 6.08 15 4648 624 2031
17.46 5.75 38 1912 308 972
16.19 4.62 22 3589 616 1702
18.44 3.66 19 3575 576 2070
14.94 5.37 17 3918 618 2032
15.24 5.53 14 5730 598 2798
22.66 4.81 24 3520 568 2167
19.91 3.79 17 4387 599 2498
16.54 5.1 34 2312 362 1239
17.03 4.74 22 3818 441 1649
17.06 4.51 23 6884 407 1516
16.86 4.46 24 2840 411 1507
18.88 5.44 33 2122 457 1310
16 6.04 22 3573 436 1561
13.21 4.75 22 3224 473 1379
16.14 4.15 19 3654 526 1824
18.39 5.07 25 3091 509 1671
20.42 5.74 26 3312 511 1686
15.18 5.13 23 3378 415 1497
12.55 3.94 22 2872 377 1225
17.56 4.34 26 3148 452 1527
18.84 4.73 48 1696 225 844
17.7 6.11 24 2962 557 1669
19.46 4.76 50 1566 290 829
15.21 4.37 26 2781 534 1324
15.34 5.59 26 2545 392 1255
15.16 5.57 25 2938 485 1372
15.3 4.5 41 6325 353 956
15.59 4.88 35 2083 348 993
18.46 5.07 33 4636 386 1190
18 5.36 26 2686 473 1538
16.94 4.51 32 2136 375 1150
15.15 5.26 41 2012 192 821
20.48 4.45 26 3051 579 1714
14.22 4.6 23 3099 428 1314
16.55 5.06 26 2714 536 1387
18.53 4.43 43 1937 313 957
15.48 4.81 24 5935 425 1281
19.58 5.3 28 2871 499 1474
14.53 4.92 16 4717 600 1912
18.91 4.71 28 3026 451 1426
18.04 5.45 27 2542 491 1413
17.73 4.15 42 1880 332 900
13.41 5.42 28 2237 393 1021
17.03 4.76 24 3565 431 1515
13.75 8.4 29 2474 285 1000
15.3 9.14 25 3084 415 1308
13.24 8.84 21 7397 465 1266
15.28 8.42 21 3551 483 1553
14.94 7.89 35 2335 365 1071
17.65 9.94 29 2876 412 1301
20.13 6.59 34 4264 461 1286
13.94 9.25 21 3303 445 1416
15.89 6.98 36 2318 392 1040
18.16 9.71 27 2858 460 1436
16.6 6.61 34 2081 405 1140
13.49 9.25 24 2872 403 1201
14.49 6.65 32 2169 392 1054
17.54 9.26 39 2232 360 960
19.5 6.79 41 1810 455 1161
15.46 9.36 34 2243 302 1019
15.22 8.11 23 6824 554 1448
15.13 10 24 6420 469 1264
16.26 8.32 27 2524 461 1400
13.58 8.74 23 3610 486 1400
13.34 8.83 31 2545 381 1017
13.29 8.91 21 7369 469 1203
18.15 6.36 27 2716 536 1549
12.81 9.51 30 2604 356 922
15.39 8.65 21 3674 548 1694
14.53 7.39 27 2693 419 1160
8.24 5.1 14 3994 472 1362
15.03 9.47 31 2632 379 1037
17.02 6.84 28 2824 445 1405
16.91 9.22 32 2115 380 1130
20.76 9.34 29 2948 553 1654
14.05 6.62 32 2094 351 945
12.8 7.22 19 3875 555 1505
17.9 10.33 25 3194 521 1539
17.21 9.29 32 2434 502 1282
20.57 6.73 40 1956 406 1119
16.04 7.27 28 5642 512 1237
15.63 8.42 19 3695 559 1793
12.55 7.05 15 9780 553 1661
19.03 9.94 33 2280 497 1257
18.3 10.85 22 4025 571 1753
16.76 7.68 27 2700 490 1310
16.71 9.94 28 2706 465 1258
14.5 5 27 2380 406 1164
13.21 8.75 27 3042 378 1032
15.75 8.62 25 3070 522 1330
14.16 9.28 35 2095 297 855
16.18 7.88 39 1909 360 875
14.92 8.2 24 3070 472 1314
18.48 6.38 27 5684 529 1388
15.73 7.29 32 2212 395 1026
15.8 4.76 29 2398 458 1250
16.46 6.62 36 1982 398 972
15.96 6.8 37 1818 417 990
15.59 5.87 38 1923 352 856
15.07 6.24 33 2422 440 1052
14.06 6.71 29 2750 364 1035
13.74 4.35 22 3104 590 1438
17.46 6.38 32 2068 403 1168
15.05 5.77 26 6478 506 1348
17.01 4.5 19 4074 614 1915
18.52 6.89 39 4000 411 1052
17.99 5.72 24 3110 543 1603
17.14 5.47 29 2443 484 1341
15.78 6.01 26 2691 480 1290
14.47 5.32 35 1886 409 963
16.22 7.74 41 1892 354 843
18.17 4.4 32 2152 528 1322
17.5 5.76 32 2132 438 1164
16.38 5.92 39 1945 387 939
13.93 4.92 24 3220 475 1235
16.42 5.38 32 2426 458 1181
16.23 6.14 37 2163 389 934
17.58 5.34 40 3940 371 996
16.27 5.65 26 2568 544 1329
15.61 6.02 20 8034 643 1867
18.75 6.29 38 2004 414 1050
17.07 5.49 38 4070 428 954
16.91 6.44 45 1404 348 798
14.03 4.9 24 2977 512 1333
14.98 5.78 47 1596 309 683
16.16 6.53 24 2750 564 1469
16.93 6.96 48 1335 338 754
19.54 4.48 44 1743 396 968
17.98 6.03 46 1625 364 847
12.55 7.06 30 2260 391 911
16.33 6.19 30 2304 457 1181
16.12 4.86 40 1881 402 864
17.79 6.32 41 1779 381 941
13.49 7.05 25 3125 497 1129
13.73 4.57 24 2397 497 1195
18.69 7.55 44 1676 381 887
15.93 4.33 26 3021 539 1281
16.6 6.77 32 2271 499 1079
14.03 4.85 30 2302 438 972
16.34 7.71 39 1948 406 867
17.14 4.53 37 1995 412 958
14.89 4.79 25 2966 516 1267
18.47 3.69 23 3436 417 1663
22.81 3.61 31 2472 376 1533
20.51 4.24 24 3222 432 1960
22.69 4.87 33 2269 362 1432
21.14 2.59 27 2902 414 1794
14.62 1.7 20 3759 399 1523
16.27 4.52 24 3475 375 1737
19.4 3.26 20 3855 444 2070
22.47 4.27 25 6182 410 1896
21.65 5.16 27 2913 389 1716
19.99 3.63 27 2760 386 1684
22.92 2.03 23 3175 433 2131
19.59 4.11 27 2773 398 1642
19.97 4.74 24 3275 449 1779
18.76 3.95 31 2477 307 1371
23.39 3.85 36 2037 367 1383
21.16 2.26 40 2011 314 1226
17.38 3.83 22 3365 420 1678
19.89 5.33 29 2505 345 1597
22.33 4.16 32 2291 339 1484
22.07 2.37 32 2548 388 1629
23.63 4.42 46 1675 299 1091
17.16 3.93 18 8603 398 1972
20.51 3.94 36 1968 332 1211
23.12 4.74 19 3932 503 2763
18.91 4.7 24 3277 415 1674
20.83 2.5 26 2988 361 1826
21.5 3.27 34 2314 297 1387
19.99 3.06 27 2958 357 1690
18.78 4.16 26 2730 373 1535
20.6 3.65 37 2006 299 1269
21.37 3.29 38 2199 314 1200
18.55 3.96 32 2479 302 1263
18.6 3.52 23 2883 446 1729
21.43 3.91 34 2276 348 1373
20.36 4.85 31 2789 398 1452
17 3.44 21 3260 414 1762
19.17 4.75 24 6542 393 1699
19.72 3.83 23 3480 428 1817
22.07 3 27 3182 394 1793
19.42 3.79 20 7614 420 1911
22.46 4.74 22 3616 485 2132
15.61 3.51 21 4106 405 1711
21.8 3.76 24 6437 412 1754
19.74 4.98 25 3022 391 1639
13.65 2.21 16 4624 411 1769
19.11 3.67 24 3387 417 1649
18.96 3.99 21 3791 413 1869
15.37 6.02 54 1391 227 606
15.97 6.34 52 2985 226 627
20.2 7.26 79 980 209 591
16.85 5.51 50 1466 266 705
15.04 5.49 61 2619 213 566
18.85 7.21 69 1065 206 572
16.59 6.85 49 3229 235 935
22.1 5.47 61 1232 231 748
15.33 5.01 33 2202 346 1072
18.37 5.49 78 879 189 487
19.39 6.77 40 1852 334 1090
16.75 6.78 51 1374 245 678
14.47 4.83 45 1536 243 721
15.8 5.98 60 1145 221 544
19.2 5.84 52 1417 287 828
19.63 5.46 69 1211 195 591
16.95 6.53 61 1200 224 577
18 6.64 48 1557 262 840
12.64 6.8 48 1330 208 547
15.2 5.43 40 1906 279 856
18.37 7.41 65 1358 172 589
20.37 7.52 65 1172 239 721
17.05 6.08 55 1313 245 647
17.47 5.92 54 1298 255 727
18.23 8.41 56 1288 264 679
15.5 6.38 58 1208 229 602
9.42 5.38 23 2906 370 858
18.04 6.38 57 1361 261 719
16.17 7.59 78 1062 192 435
15.84 6.66 46 3399 278 767
13.05 6.94 50 3076 255 544
16.58 6.14 54 1366 244 674
16.52 7.37 65 1167 245 532
18.55 5.36 66 1119 232 617
14.69 6.62 55 1253 260 571
15.76 5.88 66 1100 212 525
14.75 6.63 59 1210 226 535
15.34 5.5 55 1208 246 587
19.06 8.49 60 1262 275 698
15.72 6.54 48 1631 222 688
14.78 4.33 56 2947 217 571
16.26 6.41 52 2935 243 633
18.5 5.1 53 1491 283 735
18.64 5.98 68 2278 214 566
17.07 4.7 68 1091 211 631
15.13 6.86 73 1013 178 479
17.49 7.04 72 1007 201 505
17.09 5.19 65 1100 219 548
12.65 6.59 39 2168 285 686
15.56 6.89 27 2673 421 1233
13.67 7.69 47 1689 305 667
14.32 5.75 30 2500 419 1020
10.63 5.07 39 1772 290 625
14.2 6.65 43 1739 295 705
13.13 7.89 44 1733 282 701
11.98 7.65 34 2158 321 754
11 6.44 34 2104 327 763
15.09 8.41 46 1748 318 701
14.24 6.75 37 2181 401 957
14.67 7.28 42 1570 315 745
12.79 7.58 42 3579 300 675
16.76 5.57 45 1619 339 795
13.38 6.48 41 1744 346 761
13.26 8.9 28 3000 395 1009
13.64 7.01 47 1634 310 676
12.42 7.61 43 1750 261 650
12.13 4.52 24 2835 430 1175
14.78 6.26 30 4982 441 1014
12.98 8.61 33 2595 348 909
13.49 8.24 46 1822 266 657
11.18 4.9 29 2373 343 890
13.25 6.84 50 1295 257 592
12.16 6.7 37 2116 320 760
12.83 7.96 58 1419 223 535
11.76 6.51 38 1806 350 715
12.73 6.73 39 1898 342 800
12.94 8.63 41 1813 314 729
14.73 8.09 33 4584 350 878
10.89 5.44 46 1713 294 549
14.68 8.99 38 1877 362 833
11.67 6.87 31 2237 352 839
14.16 7.22 51 1478 293 599
12.17 6.62 34 2278 339 797
14.07 7.23 52 1494 294 605
13.93 7.06 49 1488 298 632
15.86 7.03 43 3484 350 787
11.4 4.81 24 2957 435 1002
12.33 8.59 37 2072 325 703
15.27 7.03 50 1451 272 645
10.01 4.77 40 2008 250 528
12.73 6.59 53 1306 247 508
14.06 6.85 32 5299 404 934
14.45 7.1 51 1319 300 596
14.18 6.26 36 1882 353 833
12.37 8.35 40 2103 285 655
9.34 6.34 35 1687 270 565
13.89 6.84 34 2538 296 1275
19.71 6.33 48 1261 328 920
15.58 6.35 38 2060 316 859
18.63 4.65 51 1512 304 799
17.66 5.83 29 5079 398 1201
20.87 8.8 63 1260 269 794
18.48 5.26 54 1416 254 710
16.92 7.03 48 3039 273 725
17.75 6.23 40 2167 295 919
15.23 7.3 39 1954 313 850
17.54 3.74 25 3262 527 1544
12.23 6.2 18 4017 511 1492
18.4 4.6 18 4283 673 2244
18.69 4.62 26 2742 492 1521
15.9 7.43 29 2731 388 1151
18.33 5.83 26 2910 436 1482
15.23 4.37 23 3094 418 1379
15.18 7.16 23 3177 462 1370
19.31 7.35 43 1814 308 941
20.54 5.45 49 1414 320 879
19.72 8.28 38 2103 345 1464
13.91 6.12 30 2362 311 963
17.94 4.67 45 1544 323 1168
17.77 7.39 34 2021 399 1082
13.45 7.12 32 2402 266 876
14.43 7.47 42 3671 269 764
20.92 4.16 36 2047 393 1213
18.04 6.39 37 1939 412 1120
15.86 7.16 36 2028 307 920
16.69 6.04 31 2274 432 1240
17.81 6.3 26 2896 497 1466
13.3 6.63 28 2657 371 1094
13.9 6.52 24 3140 439 1239
15.75 6.98 38 1939 360 941
20.02 6.48 35 2191 422 1225
14.14 6.91 29 2917 366 1105
19.53 4.79 32 2081 446 1306
15.74 7.21 24 2665 464 1486
14.37 6.99 37 2038 350 828
16.51 5.68 41 1880 272 938
14.87 6.16 30 2512 442 1057
17.35 7.04 35 2073 404 1154
19.11 6.62 35 1942 407 1163
15.78 6.5 37 1969 386 980
16.82 7.44 24 3077 535 1488
16.07 6.74 42 1757 318 852
14.92 6.74 30 2572 438 1058
19.14 5.36 50 1382 323 872
16.11 5.63 31 2259 418 1106
16.4 6.58 30 2438 429 1246
15.73 6.59 27 3000 444 1237
15.12 6.51 32 2325 395 1078
15.9 6.19 31 2323 375 1092
14.39 6.77 39 1857 306 846
16.87 6.45 27 2684 461 1337
16.01 6.48 32 2274 421 1098
16.94 6.62 27 2796 531 1340
17.4 8.35 39 1849 394 984
15.01 6.39 29 2421 410 1123
16.13 5.65 42 1720 383 835
16.78 6.21 31 2357 416 1133
18.4 5.52 37 2068 418 1040
14.07 4.79 26 2732 431 1133
17.73 4.98 34 2021 424 1088
19.08 5.06 41 1965 405 972
15.06 5.37 22 2915 558 1421
20.25 5.97 52 1468 329 810
19.6 5.32 45 1421 365 902
18.14 5.38 59 1296 265 646
16.15 5.93 41 1709 345 815
14.73 4.58 23 3073 438 1328
16.7 3.84 19 3906 565 1828
17.24 3.76 25 3041 628 1581
15.17 3.14 27 2909 406 1172
15.65 4.34 25 2674 573 1436
16.66 4.65 33 2387 355 1053
15.45 3.3 27 2671 524 1315
11.51 3.55 15 4984 509 1646
16.53 4.88 30 2388 546 1266
13.31 4.73 16 4009 564 1780
14.73 2.9 26 2658 507 1283
16.58 3.5 17 4803 616 2086
14.44 4.52 24 2985 561 1362
16.9 5.52 18 4723 605 2009
13.97 3.39 31 2392 463 1021
16.29 3.87 22 3570 510 1577
13.87 4.84 26 2806 513 1240
13.62 3.71 24 2942 445 1209
14.72 3.69 22 3474 613 1557
14.69 3.91 23 3269 480 1358
15.43 4.53 25 2947 549 1377
15.81 4.98 21 3614 558 1600
15.86 3.57 27 2533 518 1308
15.37 3.63 28 2749 426 1169
12.6 3.54 20 3684 567 1432
13.77 4.66 21 3500 555 1395
14.05 3.78 25 2791 517 1283
16.68 4.85 22 3000 599 1612
17.19 5.23 25 3235 647 1567
16.27 3.68 36 2215 386 959
14.45 4.02 27 2724 457 1221
15.13 3.4 27 2487 473 1198
15.05 3.81 15 4880 784 2190
13.79 4.9 20 3843 620 1474
15.15 3.51 28 2638 459 1178
16.26 5.31 21 3434 647 1675
13.87 3.46 21 3349 577 1439
17.43 3.43 19 4228 658 1988
16.45 4.65 24 3155 538 1437
15.01 3.62 20 3933 532 1567
16.44 2.77 17 4327 651 2019
12.89 4.7 12 5625 767 2239
17.26 2.34 14 5764 869 2571
14.34 3.6 20 3756 546 1491
15.36 3.77 24 2947 471 1330
15.48 3.69 24 3227 556 1337
15.99 3.81 28 2625 459 1182
17.72 3.81 23 3449 548 1597
14.5 7.46 36 2280 377 952
11.12 5.87 29 5257 386 846
14.37 7.99 44 1717 358 752
15.19 6.14 59 1137 279 592
15.51 6.53 47 1656 331 750
12.82 6.35 38 1929 330 763
16.36 4.6 39 2089 420 986
14.17 6.97 40 3765 324 747
15.63 7 36 2130 420 988
13.74 8.18 30 2278 491 1046
14.9 6.5 34 2291 454 1021
14.39 6.43 39 4035 376 824
13.57 7.58 52 1266 293 586
14.47 6.76 41 1832 382 755
15.75 6.01 57 1158 322 588
12.85 7.57 54 1390 274 554
12.38 6.25 34 2185 370 772
11.01 6.46 31 2125 342 841
15.31 6.39 49 1314 396 662
14.13 7.39 54 1322 330 605
11.1 6 37 1977 372 638
10.83 7.13 42 1679 325 597
12.11 7.82 47 1592 208 549
15.39 5.79 57 1133 368 621
15.22 5.49 35 2138 415 966
14.81 8.13 49 1431 366 693
11.22 7.57 24 3122 428 998
12.2 6.42 45 1512 309 621
14.31 6.14 54 1257 240 570
14.61 7.33 57 1309 305 588
17.17 5.59 66 1182 282 560
11.26 6.23 43 1840 252 666
15 5.33 53 1341 292 608
11.48 7.1 32 2325 335 816
15.68 7.62 51 1298 350 857
14.76 6.23 64 1116 264 524
12.02 5.87 54 1468 262 489
14.8 7.75 43 1494 359 780
14.03 5.74 50 2932 297 593
13.39 6.69 50 1445 316 606
17 6.26 61 1283 293 593
12.85 4.69 33 2076 412 883
15.24 5.83 62 1036 277 522
14.58 8.56 54 1427 312 612
13.39 6.78 54 1227 319 533
13.39 6.17 48 1355 318 620
17.07 5.38 47 1515 410 781
14.04 6.72 53 1543 302 598
16.24 5.59 55 1132 401 842
12.7 6.25 49 3060 272 567
16.68 5.95 56 1169 359 650
15.32 6.1 56 1348 336 583
13.14 7.56 49 1438 295 569
13.58 4.15 54 1169 360 532
13.93 5.52 57 1237 290 516
14.24 6.96 58 1180 313 518
14.51 6.29 59 1129 295 521
13.6 5.45 40 1801 374 719
13.17 7.6 51 1421 308 553
16.83 5.47 52 1292 351 692
15.18 6.69 47 1476 340 690
13.08 7.66 61 1252 197 840
18.34 6.57 51 1566 287 786
10.99 1.03 29 2851 297 863
13.47 7.95 45 3583 249 634
8.62 1.14 32 2211 212 602
15.7 6.62 49 3066 262 661
12.47 1.55 34 2421 271 827
16.57 6.01 75 1104 175 468
14.04 2.93 28 3366 433 1138
17.4 6.93 64 2497 205 572
13.17 1.85 42 1607 282 707
16.86 7.3 47 3271 243 730
11.22 2.39 32 2351 314 788
17.63 5.93 71 1116 207 513
14.6 2.6 41 1869 319 799
13.4 5.81 53 1195 181 525
12.43 3.16 34 2065 318 819
21.46 8.69 70 1157 202 636
11.67 4.3 34 2305 374 835
6.35 6.59 20 2892 214 658
13.65 4.09 45 1700 239 683
17.23 6.58 66 1464 188 544
10.61 3.44 48 1610 220 499
16.69 7.13 79 955 194 447
12.44 4.49 51 1558 235 550
16.42 7.86 68 1070 218 505
15.79 3.89 53 1311 270 670
16.09 6.73 66 1089 228 512
13.62 5.5 52 1486 226 591
13.83 8 43 1517 263 674
13.37 3.87 55 1359 187 549
14.42 7.86 48 1597 253 629
15.03 5.76 43 1750 281 770
14.62 7.8 43 1683 332 710
15.94 4.65 51 1319 264 686
16.22 9.11 49 1636 302 706
15.02 4.81 51 1429 259 648
13.03 8.69 50 1338 247 558
15.91 5.8 55 1264 251 623
15.42 8.38 59 1336 248 559
13.27 5.16 48 1677 243 581
14.19 5.12 56 1269 226 533
15.36 6.8 59 1317 212 541
13.94 5.96 48 1511 263 603
15.91 6.42 69 1088 210 484
16.33 5.39 56 1273 221 611
15.24 7.73 49 1499 242 647
12.19 6.73 44 1732 235 577
16.25 6.15 54 1266 258 625
8.11 4.34 6 12960 882 2803
10.65 6.46 8 13365 965 2776
6.82 4.15 5 10056 1070 2832
6.6 4.3 5 17196 761 2749
1.98 3.41 6 14080 397 715
7.13 4.69 6 14150 940 2536
6.6 4.33 9 9147 565 1563
15.19 4.69 13 6766 885 2503
13.31 4.75 15 5572 641 1888
10.15 6.48 12 6660 608 1800
11.55 4.48 16 5107 429 1624
11.35 4.34 13 11598 445 1753
12.24 6.53 8 9967 980 3250
13.93 6.21 17 4818 650 1741
11.89 2.27 12 5435 673 2107
16.73 5.36 20 4389 653 1778
13.33 4.35 13 6272 850 2187
10.9 5.81 8 9990 1139 2954
11.61 7.33 11 7129 849 2292
7.98 3.39 16 4789 559 1044
4.06 2.8 5 13848 731 2051
5.72 3.9 10 8748 569 1190
3.61 3.48 4 15120 762 1876
5.69 3.26 7 14177 758 1689
4.25 3.36 4 20925 1044 2200
7.37 4.3 8 10732 755 1912
6.43 3.95 5 15240 1071 2656
18.48 6.51 35 2323 418 1094
15.64 5.1 27 2456 470 1205
16.02 7.63 26 3037 459 1412
17.93 6.27 42 1887 364 904
13.66 7.5 30 2514 327 1044
18.78 7.63 47 3354 316 836
14.96 4.68 53 1317 242 651
16.26 7.34 31 4879 367 1097
14.22 8.47 39 1989 299 839
17.21 7.46 30 2738 412 1226
14.7 6.58 32 2252 380 1044
16.98 5.53 27 2551 477 1345
16.39 4.76 37 2058 373 1003
18.3 7.48 39 1960 380 1005
15.32 8.1 22 3221 513 1580
18.11 7.56 44 1595 336 876
15.49 7.52 23 3430 578 1565
14.73 6.86 27 2573 434 1162
17.61 4.51 29 2501 471 1416
17.84 7.87 48 1660 312 809
16.03 8.14 24 2880 500 1493
16.41 8.23 34 4687 397 1013
15.22 5.39 24 3327 513 1413
16.06 7.53 32 4941 423 1072
14.54 8.08 30 2272 427 1105
16.45 7.94 36 1842 368 970
16.48 6.88 31 2510 432 1211
17.19 7.89 40 1879 382 913
17.31 6.36 28 2591 564 1409
16.36 6.93 36 2010 379 966
15.7 7.49 25 2856 562 1431
15.46 7.88 44 1760 291 750
15.51 6.35 29 2257 490 1173
14.29 7.38 33 2187 369 926
15.73 6.65 37 1949 387 925
15.91 9.32 34 2208 420 1052
15 6.69 46 1538 317 709
17.21 8.38 50 3166 281 720
18.42 5.61 40 1927 446 969
17 6.94 42 1576 346 878
15.66 6.15 35 1814 398 934
17.23 7.4 37 2121 406 973
15.63 7.23 30 2190 441 1087
17.73 6.5 50 1624 297 750
14.06 7.31 38 4082 271 757
15.8 6.15 30 2446 449 1094
17.15 7.73 36 2167 402 987
16.61 7.06 28 2621 458 1227
17.03 6.96 33 1900 422 1070
14.59 6.27 46 1467 302 656
14.99 7.05 46 1620 316 679
15.11 3.99 39 1915 341 889
14.95 6.2 39 1742 345 799
14.87 4.65 46 1522 324 741
16.3 7.24 48 1547 310 708
13.38 3.96 44 1623 345 700
16.53 6.23 47 1462 299 765
11.19 4.82 37 2092 327 695
15.17 7.54 33 2211 429 986
11.22 5.12 43 1726 304 592
16.47 6.97 44 1694 363 800
12.5 4.61 45 1605 321 631
15.3 9.1 45 1579 344 727
13.86 5.25 34 2135 408 936
14.27 7.5 50 1442 298 607
11.76 5.22 32 2231 396 855
16.82 9.32 50 1498 338 715
12.03 4.9 30 2136 390 933
13.78 7.26 45 1368 309 651
15.45 5.15 40 1882 401 866
15.9 8.94 68 1082 257 498
12.32 6.88 41 1699 320 670
16.36 9.37 43 1624 341 808
14.65 5.61 46 1743 334 724
16.21 9.62 54 1347 311 639
13.89 5.69 51 1480 295 636
14.54 6.32 52 3031 276 624
11.85 6.14 48 1316 289 563
16.1 7.94 62 1242 294 570
13.17 6.41 45 1460 337 660
14.52 6.66 62 1055 269 511
15.68 6.78 55 1258 299 598
16.22 6.43 64 1210 281 530
12.25 6.9 63 1130 200 407
13.32 6.5 52 1217 282 535
14.25 7.12 48 1687 322 620
16.24 5.19 52 1284 340 649
14.57 7.76 49 1477 322 618
14.98 6.31 56 1120 304 555
14.53 6.27 52 1505 313 579
15.13 8.57 48 1439 328 654
10.97 3.56 33 2109 347 692
10.15 4.74 26 3018 432 817
9.4 2 20 3123 449 982
14.65 5.23 42 2259 323 729
13.09 2.98 31 2119 414 872
9.28 5.23 26 3295 364 800
13.62 3.44 23 6394 545 1151
13.44 5.96 38 1964 346 730
11.75 3.82 32 2396 329 762
11.85 5.92 28 2526 372 877
14 4.33 38 2076 410 764
13.47 6.79 39 1851 314 720
15.68 4.26 36 2208 427 909
10.96 7.09 25 2522 471 915
14.16 5.86 39 1922 412 760
12.94 6.25 38 1751 402 713
12.96 6.39 38 2193 384 729
11.06 6.65 29 2237 428 798
13.55 6.4 34 2179 427 850
13.17 6.45 29 2547 432 970
10.13 3.5 23 6835 424 897
11.24 6.21 28 5571 388 777
14.15 7.79 36 2187 350 820
10.03 6.1 18 3983 529 1162
15.56 6.82 33 2331 472 998
9.72 4.12 27 5740 341 754
15.08 6.43 27 2658 461 1193
12.59 8.05 28 2979 441 963
14.55 6.84 34 2156 405 927
9.02 6.56 18 4263 426 1065
13.36 6.55 35 1941 354 812
12.76 6.75 36 2260 393 771
13.65 6.36 39 3845 366 731
12.82 7.85 29 2706 483 940
12.61 6.84 35 1946 391 766
10.84 3.11 19 3950 542 1304
15.42 7.49 45 1535 366 729
13.62 3.78 35 2129 428 888
15.43 6.22 42 1866 371 795
11.34 3.97 22 3076 592 1180
11.93 6.73 30 4966 403 830
11.48 4.45 33 2491 402 762
14.72 6.81 33 2505 454 977
14.17 3.3 28 2261 496 1102
13.59 6.43 37 1768 418 794
11.74 4.29 32 2610 419 870
12.29 5.21 32 5062 349 773
14.58 3.34 42 3751 347 718
13.31 5.11 31 2338 427 898
10.75 4.78 21 3217 481 1071
11.97 5.33 42 1817 325 597
12.51 6.32 33 2476 354 788
13.86 4.99 31 2317 401 931
12.52 6.17 37 2037 346 702
13.52 6.6 36 1797 352 778
13.94 4 33 2515 394 923
17.47 3.48 35 2097 372 1034
17.53 6.14 42 1493 334 870
14.05 5.67 38 2253 311 848
18.42 6.82 33 2422 454 1163
14.22 5.58 31 2344 375 1052
15.24 6.29 30 2560 384 1100
14.83 5.71 32 2106 404 1068
11.88 6.6 37 4129 278 651
14.97 6.31 28 2556 425 1230
16.44 4.46 34 2146 409 1034
14.91 7.87 36 2407 375 939
14.59 7.4 32 2591 345 974
10.91 4.88 22 3074 418 1124
18.12 5.27 31 2150 435 1251
18.11 5.89 36 2217 399 1140
13.26 6.82 24 3110 400 1175
12.69 7.06 36 1988 323 820
15.92 6.93 29 2474 450 1169
15.49 5.23 32 2269 435 1126
16.81 4.79 34 2448 424 1077
13.69 6.31 29 2824 431 1120
14.83 8.63 27 5860 428 1135
13.98 5.72 29 5210 341 1007
14.83 4.88 33 2171 367 955
15.93 6.96 35 2261 342 1035
17.97 6.73 41 1708 352 931
14.96 4.81 28 2385 425 1217
11.98 7.04 39 2017 262 656
15.42 8.35 23 3730 544 1553
13.1 6.88 28 2428 381 994
11.36 7.02 18 3753 543 1441
14.59 4.76 37 2119 354 842
12.99 4.73 29 2532 367 976
14.65 5.87 23 2888 550 1361
15.51 6.56 47 1809 323 751
16.9 4.14 19 4661 624 1927
15.2 7.07 29 5189 416 1091
13.68 6.68 23 2533 462 1289
17.17 4.81 28 2861 506 1293
12.89 6.56 15 4536 661 1794
16.4 6.47 29 2634 456 1181
12 4.67 22 3357 434 1138
13.96 6.86 27 2700 452 1079
18.13 4.91 26 3150 553 1450
18.57 6.93 28 2627 531 1377
12.72 6.25 18 4050 593 1464
14.61 6.73 31 2208 363 975
14.17 6.79 31 2690 379 949
22.73 2.12 18 4227 692 2699
19.51 2.24 9 7867 1084 4587
20.85 2.6 17 4969 650 2843
20.64 2.54 16 5677 638 2835
23.3 2.21 15 5104 793 3610
22.11 2.59 17 8795 630 2658
22.03 2.23 17 4034 708 2997
21.15 2.16 12 5550 875 3757
19.77 3.34 16 4530 724 2856
17.84 3.74 13 5889 644 2928
16.63 1.74 10 8046 870 3821
20.68 2.37 17 4962 544 2594
20.83 2.87 18 4633 766 2930
22.27 2 19 4045 527 2498
20.51 2.05 16 9844 625 2616
20.66 2.51 17 4662 557 2608
22.77 2.31 20 3222 644 2611
26 2.81 24 3572 562 2328
19.12 2.41 14 6386 832 3584
15.25 2.21 17 3176 497 1928
23.54 2.43 12 12125 901 3935
24.56 2.17 15 5100 853 3515
27.32 2.44 15 5752 1004 4135
24.58 2.43 15 5176 879 3516
18.15 2.41 15 10768 755 2931
23.79 2.51 16 4875 774 3190
23.17 3.31 15 4832 775 3302
22.17 1.91 18 4097 700 2626
16.07 2.08 16 3784 632 2273
20.66 2.15 22 3987 587 2174
23.11 2.34 15 6076 898 3485
22.62 2.34 16 9825 755 2795
18.35 2.17 10 7608 1131 4622
19.26 2.35 21 2986 572 1971
21.98 2.52 20 3864 586 2384
18.01 3.12 12 11140 815 2952
19.91 2.22 13 5580 649 3335
25.32 1.78 16 5617 856 3394
21 2.44 14 5880 937 3176
20.47 2.31 12 6415 1097 4408
19.83 2.21 9 18227 1063 4556
26.28 2.07 14 10508 883 3326
22.95 3.38 18 4597 724 2692
22.32 1.48 18 3303 660 2618
19.09 2.07 17 4556 643 2392
20.88 2.42 14 4941 683 3185
24.04 2.22 16 5351 787 3206
22.07 5.27 34 1895 441 1370
22 5.7 23 3167 593 2044
22.51 7.76 43 3403 390 1165
20.98 6.1 32 2304 483 1400
23.14 4.15 40 1888 433 1326
23.62 5.9 29 2441 525 1738
20.68 6.82 43 1702 388 1150
22.76 4.31 30 2370 493 1620
20.56 5.19 39 3677 439 1220
24.58 5.88 30 2378 505 1749
20.6 6.72 37 2205 469 1411
20.74 4.31 26 2744 504 1703
22.73 6.81 33 4485 464 1478
22.67 6.78 44 1653 368 1099
20.09 4.69 37 2129 431 1265
23.41 5.68 37 2115 439 1368
20.64 6.81 28 2239 538 1717
18.61 4.56 41 1582 337 965
23.52 5.72 32 2143 504 1710
23.69 6.04 40 1935 451 1260
20.71 4.57 34 1980 433 1454
17.22 6.81 41 1431 325 906
23.94 7.5 40 1975 453 1379
22.4 5.13 47 1551 377 1084
19.67 3.97 33 2145 436 1378
21.07 6.62 50 1418 289 964
22.76 6.11 35 1973 472 1502
21.1 6.28 50 1474 330 904
22.65 8.51 35 1983 476 1496
19.56 6.72 40 1836 353 1046
18.59 3.83 25 3132 554 1716
21.41 6.12 50 1405 325 922
20.99 6.64 40 1476 429 1168
18.36 5.52 27 2638 498 1463
20.63 7.94 41 1775 399 1120
23.93 7.77 43 1669 427 1213
21.6 6.73 37 1889 455 1321
21.9 4.56 43 1489 369 1111
18.24 4.69 20 3510 631 1920
19.54 7.6 44 1668 380 968
16.27 4.5 14 5426 916 2449
23.01 5.27 34 2104 530 1428
19.52 5.74 38 1849 383 1084
21.89 5.73 34 2042 459 1358
20.57 3.91 45 1676 356 965
19.24 3.33 23 3498 423 1786
22.22 3.33 27 2849 378 2668
21.91 1.79 25 3175 486 2034
21.16 3 24 3192 407 1866
22.91 3.81 40 1755 322 1332
20.62 3.53 23 3456 401 1899
22.37 2.52 28 2552 434 1849
19.72 2.36 27 2704 375 1686
23.13 4.1 27 3167 447 1980
21.23 3.35 27 2793 362 1747
19.59 3.32 26 2822 315 1729
25.36 2.28 18 4320 603 3004
16.8 2.72 21 3171 400 1831
17.21 3.17 15 4452 585 2445
26.87 4.52 24 3312 568 2561
21.28 1.77 27 3053 320 1692
19.87 1.81 22 3491 462 2071
24.06 2.81 26 3362 462 1986
20.4 2.91 18 4177 533 2600
19.44 2.93 20 3354 471 2086
21.14 3.19 23 3381 478 2088
23.14 1.75 29 2905 436 1714
25.49 2.32 22 3262 593 2630
21.1 2.35 34 2006 333 1332
22.18 3.75 29 2514 457 1732
25.65 2.73 29 2812 452 1899
18.18 2.98 17 4574 603 2420
19.56 2.88 31 2253 338 1343
22.51 2.98 30 2444 415 1700
21.63 2.9 24 2965 487 1917
23.12 2.26 25 3334 488 2145
21.46 1.37 25 2911 419 1846
20.33 3.47 16 8880 686 2748
21.76 2.26 25 3266 426 1869
27.28 2.84 29 2913 472 2088
21.54 2.86 25 2959 456 1873
21.25 2.26 20 3525 565 2358
23.58 2.92 27 2969 468 1860
22.88 2.32 23 3170 516 2102
23.41 3.02 24 3152 494 2063
23.01 3.25 22 3071 530 2204
23.86 3.53 33 2318 380 1522
21.35 3.38 21 3314 544 2148
19.8 4.57 36 2370 247 1176
18.99 3.17 23 2930 426 1763
17.11 3.87 23 3112 562 1589
18.59 3.62 18 4117 640 2179
14.7 4.99 12 6400 717 2615
16.84 4.74 33 2149 454 1168
15.85 3.75 19 4146 541 1783
18.37 4.01 38 1778 415 1107
19.19 4.95 21 3714 636 1954
16.76 3.81 33 2238 441 1196
12.24 3.2 20 3573 426 1306
16.81 4.47 32 2336 499 1286
20.5 4.34 13 5908 880 3362
14.14 3.79 30 5292 451 2515
18.2 4.25 17 4398 653 2284
21.5 4.73 48 3232 331 978
18.07 4.33 31 2379 417 1244
14.86 4.5 33 2202 353 1050
17.64 4.21 20 3597 589 1919
17.07 3.57 24 3155 563 1655
18.24 3.5 26 3201 504 1490
16.65 5.06 23 3310 532 1762
16.83 4.6 20 3321 524 1790
16.53 4.12 25 6238 480 1453
19.27 4.18 26 3051 477 1593
15.19 3.81 25 3168 488 1476
15.31 3.75 31 2628 333 1127
16 5.05 36 4342 315 977
15.3 5.08 21 7691 452 1528
17.4 3.55 29 2392 489 1386
17.72 3.57 27 2664 438 1521
17.01 4.83 40 1977 385 1045
15.72 4.89 26 2665 420 1294
16.51 3.02 31 5137 456 1268
17.19 4.77 27 3151 430 1448
18.4 4.71 30 4924 460 1252
18.58 4.21 22 7009 541 1721
17.48 3.97 27 2831 482 1443
16.31 3.29 23 3342 452 1547
19.33 4.29 25 3084 578 1720
17.07 5.26 30 2490 340 1239
18.48 3.78 28 2679 466 1403
15.5 4.37 25 3156 377 1351
17.64 4.17 24 2975 561 1549
15.87 5.12 30 2504 458 1253
20.28 3.55 33 4776 428 1253
17.16 5.53 24 3035 575 1564
16.79 3.97 33 4827 422 1159
19.12 4.77 27 5762 487 1343
15.94 4.72 31 2485 433 1151
18.46 4.36 24 6520 541 1538
15.59 4.81 22 3134 490 1514
17.27 3.98 40 2052 264 923
16.26 3.42 36 2048 268 956
17.11 2.3 37 2155 280 1073
20.31 3.91 39 1995 289 1102
15.49 3.61 38 1912 273 947
14.09 4.03 26 2834 288 1146
18.11 4.61 39 2126 305 1075
18.57 2.77 28 2685 342 1413
14.35 3.93 42 1857 226 790
18.2 3.48 36 2108 221 1076
15.54 3 40 1732 202 892
16.72 3.41 27 3051 349 1321
17.14 4.22 34 2096 298 1154
19.3 3.27 36 2362 282 1143
18.65 3.71 43 1977 264 995
18.61 3.16 43 1808 210 929
15.11 2.28 44 1557 248 787
16.53 3.41 44 1514 244 807
19.05 3.89 39 2098 284 1122
16.08 4.47 40 1779 287 864
12.78 3.38 33 2187 268 881
16.41 3.97 42 2047 254 849
17.5 3.82 39 2097 267 1017
16.55 3.65 38 1819 294 935
16.8 4.04 28 2666 342 1356
16.87 4.08 36 2357 308 1036
14.75 3.31 36 2120 255 928
16.47 4.13 43 3568 275 791
20.71 4.53 36 2133 363 1302
17.42 2.64 36 2045 325 1028
14.27 3.86 28 2861 322 1153
16.7 3.43 61 1218 218 605
15.15 3.53 24 3287 424 1439
18.18 3.99 44 1684 299 889
17.72 2.71 44 3565 271 875
16.6 3.88 56 1348 234 645
17.2 4.44 48 1604 262 795
18.9 3.67 40 1921 308 1028
15.58 2.96 18 3763 488 1834
16.42 4.69 41 2030 267 848
16.53 2.6 29 2539 356 1205
15.05 4.5 39 1978 249 815
16.94 2.14 34 2284 287 1048
17.97 4.39 41 1760 257 927
17.48 4.09 42 1914 279 880
14.5 3.76 35 1944 252 886
14.36 2.47 37 2098 244 832
18.13 3.5 44 1711 257 880
20.19 4.42 41 1769 315 1052
20.54 3.79 42 1787 270 1034
17.75 4.05 45 1443 254 917
22.19 4.31 33 2458 377 1424
21.98 4.46 53 1413 294 963
22.23 4.04 31 2174 392 1519
22.21 3.01 49 1396 315 1049
20.84 3.88 39 1943 295 1139
18.25 4.82 44 1949 288 960
22.25 4.03 51 1407 251 931
21.73 3.56 47 1346 346 1061
22.37 4.24 32 2398 364 1492
17.31 5.32 44 1696 320 901
20.67 4.78 39 1738 363 1129
24.03 3.09 49 1477 328 1123
18.17 2.53 33 2744 246 1182
18.51 4.51 39 1651 316 1088
18.67 4.74 43 1525 266 933
23.48 5 45 1547 365 1210
22.87 2.98 48 1537 265 1023
21.88 4.7 42 1843 342 1183
22.26 4.63 45 1595 302 1063
20.82 3.63 50 1454 287 945
21.57 3.32 55 1393 246 842
20.71 4.91 49 1472 265 957
20.56 4.72 53 1309 240 833
20.51 4.83 48 1519 287 968
22.65 4.48 59 1225 241 818
18.62 4.48 65 1220 193 648
21.22 3.46 47 1684 277 961
19.33 4.58 41 1623 278 1067
21.24 3.51 52 1292 273 898
21.18 4.57 36 2038 362 1310
20.6 4.91 48 1481 285 923
20.59 4.98 40 1884 314 1143
20.16 4.74 56 1315 245 784
21.41 5.28 38 1904 365 1251
21.83 5.31 49 1510 271 970
20.8 5.25 36 1963 348 1225
20.22 4.08 40 1980 323 1069
17.06 5.01 38 2207 270 971
22.21 3.98 49 2983 283 939
20.68 5.35 40 1908 332 1090
18.58 4.95 42 1724 303 935
19.03 4.71 40 1846 329 1005
20.29 4.07 43 1870 302 1006
20.48 4.5 45 1435 290 971
20.36 3.15 50 1513 273 870
19.4 4.35 43 1443 307 937
18.39 3.75 33 2640 399 1255
14.97 3.72 16 4616 562 2087
21.41 3.92 44 3451 345 950
19.43 3.9 19 3635 591 2282
17.31 5.97 33 2198 349 1098
18.12 4.11 15 5276 690 2729
23.33 2.2 36 1962 400 1340
17.08 4.32 14 5258 682 2770
21.31 6.56 38 2119 376 1158
16.98 3.2 11 6638 844 3472
20.38 2.43 34 2100 393 1236
16.07 5.48 13 7121 763 2778
20.04 3.01 39 1682 335 1061
21.92 2.46 25 2947 502 2007
19.18 4.02 37 2179 320 1073
16.15 6.55 23 3290 424 1574
19.44 5.65 33 2024 409 1221
18.34 3.81 39 1929 299 1054
16.97 4.76 30 2324 381 1172
18.84 6.13 45 1561 295 944
21.39 4.6 43 1988 359 1057
19.56 2.58 50 1477 262 882
18.1 4.44 30 5222 423 1229
18.11 6.5 41 1724 303 996
15.49 5.39 35 1846 339 923
18.24 2.7 32 2199 391 1285
23.56 3.51 43 1799 385 1146
23.47 6.38 45 1704 376 1174
17.38 5.78 41 1883 282 887
17.93 4.86 33 2224 415 1222
18.67 5.06 35 1889 349 1115
17.6 5.25 35 2114 367 1106
16.85 2.32 30 2432 416 1173
16.18 4.41 22 2937 493 1614
20.29 4.99 42 1973 382 1030
21.33 2.49 50 1614 300 936
21.19 3.54 48 1362 312 943
17.86 6.21 31 2247 386 1218
22.14 3.05 46 1676 352 1056
16.93 4.55 29 2491 401 1227
18.33 3.64 29 2874 458 1435
18.59 5.76 35 4546 338 1015
19.82 1.11 34 2066 430 1209
16.98 5.66 36 2070 338 989
18.79 2.64 34 2209 426 1243
20.1 6.5 29 5456 412 1341
20.3 1.71 23 3133 569 1830
17.85 5.39 37 2012 343 1000
18.23 10.93 32 2634 412 1218
12.87 10.3 20 3897 443 1365
19.1 6.04 39 1889 470 1139
16.18 7.68 27 2560 550 1272
12.74 8.18 34 2079 377 873
16.84 10.19 35 2271 392 1018
17.57 7.26 27 2718 658 1644
14.74 7.88 21 2883 437 1530
17.98 8.88 38 4033 399 995
19.54 8.56 32 2829 396 1304
15.86 8.01 33 2222 441 1103
16.47 9.32 27 2804 431 1333
16.12 5.6 30 2318 450 1233
20.12 6.61 24 6490 515 1753
16.25 9.36 34 2269 410 1098
12.04 7.68 15 3680 509 1727
13.9 8.62 29 2195 382 1101
17.6 11.25 35 2633 356 1083
17.33 8.23 25 3019 577 1589
18.81 8.64 35 2018 393 1157
15.8 10.78 23 3297 531 1579
15.38 9.2 30 2866 401 1102
15 7.83 33 2098 378 1032
16.96 8.97 25 2971 499 1457
14.56 9.23 24 3075 464 1373
16.4 9.93 33 4635 357 1066
16.14 10.46 43 1995 327 889
11.45 10.49 21 3920 396 1160
16.72 9.15 24 6610 494 1506
18.17 7 26 2675 475 1487
12.93 10.69 30 2486 374 1009
16.17 11.37 36 2027 384 1003
12.74 8.44 25 2729 381 1132
18.01 8.79 26 3062 469 1506
16.01 10.95 32 2214 381 1111
17.94 7.44 18 3427 732 2169
16.27 9.53 24 7310 495 1492
17.7 7.02 31 2748 427 1243
15.48 6.59 21 2800 509 1507
18.33 11.05 29 3058 492 1339
11.71 10.21 21 2969 421 1177
15.95 10.23 34 2483 397 988
15.38 14.08 28 2754 447 1161
12.21 11.14 25 2935 394 1035
12.31 9.37 21 3080 389 1256
17.77 7.85 36 2537 318 1055
14.67 8.29 16 3690 734 1959
11.46 10.63 11 7860 587 2227
13.45 9.11 9 8267 747 3172
13.8 12.11 15 5812 641 2137
12.43 11.63 11 8776 609 2391
14.42 13.61 12 6745 776 2792
16.49 11.12 7 9780 1123 4990
13.28 12.26 12 7570 730 2617
15.14 8.93 15 5096 548 3999
9.41 7.5 6 23350 1127 3515
11.3 13.38 8 12195 709 3016
12.46 11.61 7 12420 965 4071
14.14 9.63 9 7287 722 3348
14.4 13.66 19 4680 472 1734
12.67 8.62 9 8120 685 3004
12.9 9.86 10 6594 708 2952
18.54 11.8 9 10840 958 4427
10.58 8.36 10 5904 646 2816
16.36 9.02 7 9326 1157 5019
15.03 12.81 18 5857 482 1912
13.32 9.41 7 11494 961 4089
17.78 13.44 19 3695 569 2125
12.82 11.17 8 10785 839 3440
15.65 10.53 19 5005 550 1958
17.36 8.75 14 4924 690 2662
15.8 11.47 10 16266 867 3413
15.97 11.85 12 6925 715 2856
6.5 13.76 7 7954 640 2103
16.95 11.2 11 6905 832 3276
12.34 8.99 9 11313 818 3108
12.37 11.25 6 12380 1010 4384
11.81 11.13 14 4838 541 1911
11.9 11.03 19 4892 406 1345
11.42 12.45 4 18330 1585 6348
15.99 10.38 20 3543 484 1718
8.1 9.28 7 11246 677 2567
8.8 10.4 9 7973 603 2133
11.04 10.3 19 5432 496 1605
18.45 9.99 16 4927 671 2512
18.65 12.06 14 11473 691 2431
11.02 12.88 7 8803 772 3431
12.54 9.89 3 24160 2159 8837
11.96 12.06 10 8748 869 3093
11.59 9.17 6 21310 806 3133
15.51 9.87 10 10218 953 3264
12.93 9.69 13 5377 563 2106
17.56 12.59 13 6531 838 2854
16.25 11.62 14 5494 708 2474
13.39 11.99 20 4011 423 1429
10.44 11.46 13 5160 531 1717
21.03 2.65 30 2448 432 1478
19.74 2.54 29 2952 381 1459
23.2 1.81 23 6449 533 2151
19.79 2.48 35 2009 365 1296
22.86 3.17 38 2004 356 1286
22.92 2.79 32 2209 475 1680
21.64 1.65 30 2632 398 1540
21.05 1.53 33 2113 410 1501
22.5 2.79 32 2379 394 1500
22.7 2.3 32 2224 462 1656
19.99 2.28 36 1973 355 1188
21.36 2.69 44 1676 346 1131
22.29 2.58 36 1967 380 1321
22.36 3.14 44 1515 342 1186
22.69 2.35 31 2390 474 1556
22.89 1.56 32 2308 476 1664
17.41 3.04 32 2209 323 1156
24.12 2.16 39 1817 401 1440
19.93 2.68 29 2456 428 1461
21.14 2.53 33 2351 411 1479
19.25 2.05 47 1837 200 880
21.09 2.77 37 1853 388 1315
21.66 1.88 31 2212 380 1532
24.1 2.85 38 1874 400 1465
18.32 2.83 30 2612 331 1357
21.74 2.54 29 2688 468 1731
21.59 1.96 30 2558 423 1542
19.78 2.79 30 2196 395 1522
20.8 2.48 30 2524 401 1483
21.15 2.86 41 1976 324 1192
19.3 1.69 35 1994 379 1210
2.81 1.79 12 1660 139 539
21.4 2.67 24 2957 555 1920
20.92 3.13 35 2258 393 1302
20.77 2.61 30 2382 452 1539
21.45 2.05 33 1998 407 1417
20.87 2.26 27 2844 490 1644
20.86 3.27 32 2342 424 1420
22.42 2.84 24 3260 535 1968
22.35 2.47 33 2285 422 1449
19.34 2.94 30 5122 385 1336
21.69 1.59 30 2702 430 1545
21.32 2.67 29 5077 468 1534
21.68 2.26 27 2698 496 1695
22.59 2.67 37 2051 398 1289
19.7 2.86 33 2409 377 1260
18.34 2.92 40 1639 335 968
22.12 2.72 41 1753 371 1121
13.38 2.57 24 2482 410 1168
17 3.25 32 2151 399 2046
21.34 2.73 35 2606 409 1275
19.18 3.45 20 2823 675 2136
19.54 2.78 20 3312 594 2042
25.29 3.27 32 2610 493 1808
21.86 0.65 23 3008 550 1960
18.37 2.59 23 3485 513 1814
21.7 2.76 31 2762 476 1522
23.89 2.86 30 2454 519 1791
21.85 3.11 29 5307 477 1470
15.98 2.59 26 2305 479 1379
17.39 1.68 28 2546 417 1281
21.95 3.27 36 2415 449 1384
25.58 2.58 41 1829 413 1293
19.56 3.29 35 4087 384 1237
18.98 2.31 35 2102 369 1124
25.59 3.33 40 1911 470 1445
15.38 2.62 20 2826 472 1591
16.43 2.76 22 2746 508 1683
24.07 2.9 34 2762 483 1559
20.47 2.57 30 2616 478 1538
20.91 2.72 29 5429 431 1408
19.91 2.08 30 2166 468 1495
20.91 2.27 39 1760 364 1120
20.21 2.91 29 2717 497 1570
23.52 2.51 33 2358 427 1492
19.65 3.31 26 3044 515 1702
20.04 2.22 30 2280 434 1399
19.26 3.41 28 2724 471 1548
21.89 2.4 37 2061 371 1237
20.57 2.73 37 2037 382 1222
13.49 2.29 31 2479 352 1031
18.86 3.21 41 1856 359 1039
24.7 2.31 49 2983 348 996
20.82 3.39 37 4242 433 1287
19.49 2.46 30 2512 414 1390
19.31 3.28 23 6548 562 1636
18.58 2.49 32 2122 431 1218
21.31 1.81 39 2023 365 1149
22.13 2.21 33 2365 478 1430
19.81 1.84 38 4127 417 1051
21.83 1.91 41 3634 391 1115
19.68 2.55 30 2472 479 1373
18.87 2.27 31 2311 369 1263
24.1 2.62 35 1898 485 1430
19.73 2.72 31 2580 481 1323
19.33 8.49 25 3031 491 1601
19.05 4.33 15 5212 765 2650
19.35 7.39 21 3371 596 1923
19.98 6.85 22 3188 586 1893
20.03 6.44 27 2738 505 1584
19.93 6.89 21 3434 585 2028
18.43 5.45 21 3420 625 1990
19.4 8.12 18 4173 618 2303
17.66 7.81 20 3708 642 2002
19.67 5.96 16 4897 755 2628
20.99 7.98 22 3676 636 2160
15.47 6.94 19 4086 560 1732
18.91 5.36 29 2205 481 1512
17.49 8.15 30 2284 441 1240
18.98 8.25 27 2902 539 1634
20.63 7.33 47 1713 342 934
21.14 6.03 27 2447 562 1742
19.06 5.3 33 2244 407 1751
17.98 5.23 19 3812 658 2105
17.86 6.88 30 5106 449 1191
18.44 6.02 23 3237 553 1827
18.11 4.83 28 2484 489 1374
19.94 7.15 24 3020 584 1895
20.93 9.35 28 2835 517 1588
17.63 8.75 17 4182 794 2364
18.7 5.44 25 2683 490 1590
18.66 5.49 16 4714 870 2659
19.23 6.98 27 2656 504 1519
17.38 7.25 27 2593 483 1406
19.21 8.67 22 3284 649 1863
18.71 5.33 28 2766 508 1454
17.71 6.31 21 3666 581 1830
17.78 7.33 28 2507 494 1384
19.41 6.27 25 2839 550 1683
22.16 4.22 29 2648 535 1603
16.29 6.12 19 3442 602 1789
18.6 5.88 19 4067 621 2047
19.03 6.65 15 5352 754 2651
17.98 4.29 17 4207 706 2207
18.93 4.68 22 3218 592 1791
19.19 8.02 20 3639 652 1994
21.52 5.24 20 3582 716 2230
18.89 6.26 15 5144 815 2607
17.37 4.88 14 5203 842 2571
17.95 4.75 48 1571 331 774
14.81 3.3 45 1401 317 687
16.02 3.18 55 1318 228 669
17.37 3.15 44 1430 377 822
18.1 4.89 49 3375 375 882
17.14 4.63 53 1412 312 675
17.07 2.83 36 4005 413 1041
14.14 3.16 52 1357 275 582
17.71 4.2 30 2710 536 1361
16.76 3.08 43 1648 358 1027
16.71 4.64 31 2015 528 1223
16.61 4.05 32 2306 447 1111
15.74 3.1 38 2056 404 939
17.99 4.56 46 1518 362 836
15.9 4.45 36 2067 427 1129
13.67 3.73 36 1960 402 809
17.09 3.05 38 3766 426 920
19.17 3.4 51 1594 367 800
15.78 4.75 37 2128 417 993
13.63 4.12 41 1759 354 746
17.21 3.83 45 1651 423 998
15.02 4.46 42 3619 345 723
18.85 2.91 40 3690 350 891
16.59 2.98 49 1309 341 719
15.65 5.05 47 1649 376 756
15.49 4.56 35 2057 453 941
17.09 2.91 44 1544 375 887
18.16 3.27 56 1365 345 689
16.25 4.46 42 1541 356 882
13.64 3.77 37 1735 350 784
16.25 3.51 40 1761 433 926
13.92 3.57 27 2653 479 1142
16.63 3.23 43 1582 405 847
13.28 3.76 28 2848 422 1014
15.22 4.64 43 1532 391 772
11.77 2.92 22 3150 436 1160
16.62 3.45 44 1720 390 823
17.81 3.9 36 1978 460 1037
13.6 4.68 34 1996 421 837
15.5 3.62 34 2091 474 953
17.45 3.27 49 1354 353 744
16.97 3.46 46 1536 364 769
16.82 4.57 49 1378 366 713
17.16 4.03 41 1976 416 907
15.54 3.74 52 1304 329 619
15.42 3.88 42 1649 363 761
16.89 3.37 43 1570 402 814
21.23 7.25 32 2203 460 1400
20.26 7.38 29 2425 500 1456
20.33 7.07 30 5240 499 1502
19.13 7.32 34 2068 379 1173
19 6.97 35 1977 509 1329
21.82 7.31 38 2048 407 1197
19.48 7.44 30 5196 514 1396
20.76 7.04 33 1916 422 1342
16.95 7.13 25 2378 504 1560
19.53 7.31 28 2751 462 1495
20.55 5.57 32 2582 489 1458
20.37 7.35 23 7409 557 1910
18 8.81 24 2750 555 1699
22 7.52 23 2838 631 2031
21.71 5.6 37 2162 432 1330
20.89 5.34 27 2647 557 1646
18.58 9.12 26 2675 599 1663
19.43 7.18 27 2476 518 1531
20.13 4.59 31 2369 500 1535
19.43 6.8 39 2142 391 1122
17.9 8.82 37 4219 347 1060
20.09 7.93 36 4363 431 1117
19.88 4.99 28 2349 503 1583
19.95 7.61 37 1680 447 1145
21.03 7.49 41 1927 384 1166
20.89 9.37 38 1844 478 1168
20.13 7.37 32 2237 469 1436
17.08 7.66 35 1963 399 1038
17.78 7.86 35 2115 410 1205
19.95 8.84 34 1978 458 1250
19.48 6.92 24 6265 576 1783
19.2 5.73 37 1959 432 1146
19.16 6.7 24 2862 602 1747
18.73 8.57 30 2400 511 1334
17.11 7.88 28 2623 458 1330
22.29 7.92 34 2344 500 1420
22.95 6.89 37 2115 487 1351
21.2 7.56 31 2013 496 1481
17.99 6.58 30 2448 500 1300
19.54 5.71 35 4356 425 1125
19.18 6.2 36 2145 400 1116
18.52 7.38 38 4179 372 1057
20.1 5.58 30 4942 472 1346
20.97 7.22 43 1623 390 1014
18.49 7.06 25 3300 540 1537
21.74 7.41 44 1555 362 1024
17.26 5.3 28 2342 468 1277
19.27 5.82 27 2860 515 1478
18.09 4.72 36 2380 398 1043
16.36 4.83 21 3069 592 1627
18.09 4.92 20 3774 626 1890
18.25 6.06 27 2884 469 1413
17.73 3.55 30 2204 407 1219
17.73 4.78 26 2970 480 1406
18.41 4.44 24 3047 538 1581
19.21 4.88 29 2737 477 1367
18.34 4.11 28 2773 440 1357
14.13 4.73 24 3047 430 1223
18.49 4.48 26 2949 587 1594
18.16 4.7 26 2661 491 1449
16.14 3.95 36 2063 393 1010
15.8 4.83 16 4650 660 2063
16.78 3.67 25 2690 569 1513
16.38 4.49 24 3142 523 1425
18 3.8 27 2591 591 1501
16.11 5.65 23 2966 522 1461
16.38 4.73 32 2351 450 1151
20.66 4.92 34 2329 438 1271
16.66 3.88 27 2536 585 1391
16.7 4.56 25 2762 486 1398
17.57 4.46 29 2512 576 1363
16.23 4.72 26 2961 481 1306
16.58 4.12 26 2474 589 1404
16.61 5.99 30 2274 452 1156
18.33 4.36 29 2582 563 1387
17.8 4.75 33 2169 472 1154
17.24 4.14 30 2350 522 1261
19.62 4.15 33 2278 468 1272
18.35 4.54 30 2416 496 1291
18.08 5.08 32 2231 464 1216
16.38 4.41 32 2267 467 1076
17.56 4.89 27 2751 480 1350
16.67 3.87 27 2609 522 1283
16.58 4.39 22 3008 595 1577
18.93 4.66 35 2215 468 1134
18.31 4.26 27 2751 524 1407
17.57 5.41 27 2529 457 1350
15.81 4.87 31 2226 429 1059
19.9 5.08 54 2812 326 740
21.88 4.3 46 1457 409 991
19.77 5.74 48 1687 390 969
19.84 4.64 44 1630 343 940
20.31 5.21 58 2486 354 783
19.14 6.62 48 1332 339 832
17.84 7.66 47 1643 375 888
19.96 4.08 73 934 250 584
21.5 7.32 68 2047 302 717
20.42 7.04 53 1310 315 825
19.56 5.13 48 1481 360 925
17.84 4.61 40 1792 319 954
20.22 5.24 56 1297 350 819
20.37 6.55 48 1685 355 908
18.58 6.95 29 2083 528 1450
19.28 4.4 48 1279 349 854
19.36 3.19 64 1139 325 702
20.64 4.81 44 1583 373 999
19.33 4.67 43 1545 410 1048
19.49 7.29 54 1251 322 768
18.52 5.32 46 1610 341 902
19.74 5.22 50 1416 368 839
18.37 5.51 51 1373 337 803
19.05 5.68 49 1429 330 834
19.92 4.95 49 1375 356 927
18.1 5.33 52 1206 349 747
19.94 4.97 67 956 299 679
20.04 7.47 52 1386 311 820
18.42 5.19 70 1017 268 600
13.96 7.06 37 2239 350 803
20.09 5.23 63 1151 333 742
18.42 5.25 54 1262 310 728
17.41 4.99 41 3559 361 902
17.82 5.45 51 1245 320 747
20.39 4.9 50 1384 396 888
18.24 7.64 57 1295 306 693
18.38 4.82 68 966 287 588
19.26 5.38 59 1124 297 708
18.34 4.26 38 1847 430 1010
19.21 4.73 62 1107 288 664
19.07 3.54 45 1563 388 886
17.14 3.87 32 2152 463 1118
19.14 5.9 57 1263 320 701
16.11 4.48 55 1229 304 609
17.95 4.83 48 1406 373 777
18.03 4.96 46 1510 373 811
19.45 2.84 47 1679 396 895
21.71 4.4 55 2772 359 808
10.19 5.87 19 3789 408 1133
18.97 2.55 17 5499 726 2381
9.39 3.25 15 4860 412 1431
15.13 4.07 15 5124 780 2157
17.39 6.04 16 4406 779 2489
18.03 6.24 17 4821 745 2263
13.3 5.26 12 6435 841 2609
12.99 4.22 19 3830 367 1460
17.64 4.28 17 3875 807 2441
18.52 4.75 12 5755 887 3295
18.26 4.82 21 4206 700 2029
18.07 2.46 11 7233 948 3505
15.19 3.82 18 3443 693 1968
17.74 3.97 15 5168 635 2523
17.44 3.96 22 3521 655 1846
17.42 3.59 17 4486 664 2181
18.41 4.42 9 7453 1664 4754
17.69 5.33 16 4849 743 2348
17.12 4.35 17 4885 759 2351
15.22 2.25 14 4757 816 2312
15.59 4.72 17 3759 688 2114
17.47 3.47 16 5546 817 2560
17.5 4.47 14 6124 858 2883
16.3 5.93 16 9326 737 1979
18.09 2.62 19 3856 689 2201
17.62 4.23 16 4372 825 2373
17.27 4.64 22 3368 607 1815
15.84 4.87 16 4417 732 2114
13.37 4.34 15 4140 668 2060
16.22 2.64 16 5216 768 2171
19 4.34 23 3170 682 1911
15.91 4.44 12 5910 963 2852
16.48 4.87 16 4635 771 2300
17.07 6.86 14 5293 952 2626
19.24 2.63 18 4563 757 2376
15.39 4.58 15 4744 805 2233
16.63 4.77 17 3759 778 2172
20.88 4.59 18 4300 917 2529
18.86 4.69 20 4047 836 2012
15.72 4.48 7 9446 1666 4727
18.04 4.4 19 3553 823 2002
19.12 4.52 19 4399 775 2123
17.07 4.06 19 3856 753 1897
14.62 4.77 13 5026 868 2377
15.93 2.65 15 5352 854 2240
16.51 4.51 14 4684 916 2488
16.12 4.1 20 3564 615 1699
13.75 3.13 17 3706 711 1705
18.61 10.29 28 2286 467 1402
22.76 7.87 34 1987 452 1431
19.78 11.1 26 2430 576 1740
18.89 8.61 34 2268 443 1187
17 9.78 33 2102 433 1180
21.31 8.92 41 1908 381 1112
18.85 9.71 30 2876 490 1472
18.07 8.49 29 2497 379 1331
19.07 10.86 32 1912 471 1402
19.77 10.16 29 2640 460 1475
22.74 9.4 39 1938 480 1359
17.82 9.24 23 6472 520 1626
19.84 11.44 40 1762 393 1158
21.36 8.53 44 1784 382 1036
20.42 9.99 42 1741 377 1170
19.97 6.55 29 2119 436 1464
18.75 9.39 25 6178 545 1682
19.76 10.48 44 1976 367 1043
18.45 10.63 35 2169 442 1295
22.55 7.88 39 3874 383 1130
19.55 9.03 35 4481 440 1272
16.45 7.54 42 1873 223 864
20.24 8.89 29 5030 499 1550
22.57 9.68 46 1422 348 1059
19.07 10.18 34 5010 434 1311
20.05 9.83 29 2344 511 1491
19.06 8.34 37 1881 405 1178
21.75 8.55 37 2149 448 1259
20.84 7.61 40 1620 418 1205
20.63 8.58 41 1619 380 1076
19.56 10.4 39 1952 403 1159
21.23 6.28 35 2040 476 1305
16.49 8.71 29 2081 461 1273
18.16 9.33 26 2598 544 1504
20.35 8.41 45 1904 327 1006
20.58 7.61 25 2940 650 1791
21.56 8.2 50 1249 300 1058
22.56 8.33 43 1734 411 1145
19.59 7 27 2753 522 1543
21.23 9.71 33 2333 450 1357
21.08 7.23 35 1761 465 1272
19.36 9.48 34 2202 435 1201
20.09 7.56 29 2549 512 1463
22.33 6.8 24 2682 672 1966
20.79 8.09 42 1644 394 1046
20.62 8 38 1969 433 1147
20.15 6.99 32 2246 452 1328
20.67 8.11 43 1773 360 1015
21.37 4.9 33 2111 442 1340
23.17 6.8 20 3957 797 2518
23.04 4.62 17 8823 795 2698
23.65 4.9 23 3057 655 2144
21.48 6.68 18 4400 838 2742
20.95 7.08 26 2892 495 1721
19.62 7.64 17 3561 858 2655
21.84 4.65 24 3132 566 1948
20.22 6.26 26 2968 538 1766
19.63 6.72 24 2845 511 1750
23.06 4.91 27 2658 617 1937
24.4 6.94 25 3367 559 2148
22.85 7.15 25 2926 614 2072
21.59 4.85 17 8961 725 2614
21.54 6.85 26 2912 603 1924
19.66 6.51 23 3344 483 1819
23.55 5.48 34 1885 505 1613
22.69 5.8 22 3300 630 2193
20.76 7.02 26 3002 568 1785
23.96 6.35 32 2158 482 1590
19.95 4.92 24 2750 608 1851
21.66 6 34 2081 429 1354
21.81 6.94 25 2688 637 1984
22.43 4.89 27 2711 531 1766
20.89 6.29 31 2259 503 1537
19.97 5.91 26 2778 466 1633
22.02 5.85 20 3636 793 2510
24.53 6.47 33 2335 449 1579
18.1 5.92 23 3128 625 1793
17.85 6.24 34 2114 356 1120
16.69 6.02 17 4376 688 2152
21.17 6.14 36 1910 401 1256
20.81 6.11 37 1857 447 1224
23.17 6.04 35 2115 460 1432
17.41 6.52 24 2767 597 1578
20.58 4.85 31 2311 409 1440
23.7 6.66 26 3215 696 1918
18.86 6.89 32 2452 407 1278
20.01 7.5 22 2894 614 1903
20.31 5.52 26 2550 578 1633
21.53 6.96 22 3442 678 2041
20.54 6.91 24 3010 613 1790
19.51 4.95 22 3578 605 1841
23.23 5.65 26 2753 628 1856
19.03 4.84 20 3495 624 1971
19.26 6.99 21 3271 600 1899
22.49 4.86 24 3232 616 1938
21.95 4.7 12 6265 816 3904
18.53 4.6 13 6485 649 3020
21.06 9.13 15 4564 784 3260
22.23 4.53 14 4954 765 3365
23.55 5.17 19 4497 672 2882
23.9 6.17 17 4443 904 2974
20.49 7.74 10 6852 1143 4739
15.44 3.82 12 6005 510 2744
18.96 6.9 9 8160 1098 4875
25.27 6.74 19 4595 591 2835
23.13 6.09 10 8118 1186 5304
19.73 3.87 11 5940 1037 3830
21.67 7.96 12 5750 925 4135
21.6 5.37 12 6465 812 3839
21.12 6.8 14 6086 788 3657
22.95 4.25 9 9287 1015 5477
19.73 8.47 19 8526 584 2358
22.12 4.08 17 4105 608 2797
20.64 3.63 14 10740 709 3215
21.09 4.31 14 5297 777 3234
21.27 8.41 17 4909 652 2846
23.8 6.15 13 5658 914 3929
22.49 6.07 9 7940 1222 5664
25.31 3.93 21 3371 638 2587
18.32 7.95 14 5438 667 2961
24.54 5.7 27 3147 510 1950
24.99 6.33 18 4457 740 3140
22.94 5.18 26 2548 476 1880
21.17 7.13 11 6098 1098 4355
22.55 3.99 17 4179 660 2821
19.03 6.65 13 5820 769 3316
22.09 6.23 22 3712 558 2156
23.7 7.45 14 5434 896 3767
20.87 4.2 11 6442 996 4076
20.01 6.79 24 2920 557 1851
19.24 6.39 16 4354 692 2611
20.59 7 13 4805 826 3515
22.88 5.68 14 5811 858 3559
26.1 5.12 15 6120 885 3713
20.02 6.13 13 5585 739 3258
23.19 6.21 14 5648 781 3506
20.32 6.07 14 4984 716 3055
21.86 4.46 17 4878 666 2708
24.1 5.72 15 4392 786 3394
22.05 6.66 15 4992 784 3107
19.75 4.89 12 6400 778 3512
20.33 6.24 16 4717 666 2712
23.93 4.45 15 5312 838 3405
18.35 8.33 14 5528 833 2797
18.89 7.36 32 1957 387 1248
18.06 9.15 20 3813 648 2095
20.66 7.79 20 3948 628 2188
21.36 7.26 18 4533 751 2756
18.65 7.67 23 3300 499 1718
18.25 6.87 21 3311 633 2009
21.7 7.76 41 1670 429 1128
15.33 9.17 18 4000 751 1970
17.17 5.28 16 4080 551 2286
20.39 6.73 14 4860 912 3342
22.33 7.96 24 3630 518 1983
17.13 9.33 14 5314 652 2800
17.84 7.86 17 4098 641 2236
16.88 8.2 16 4114 634 2416
17.36 7.84 24 3252 400 1553
18.72 6.61 17 4669 775 2525
15.6 5.99 14 4958 660 2395
22.09 7.49 17 4931 831 2978
15.69 5.73 15 6356 646 2249
15.42 8.29 26 3224 380 1347
12.31 5.76 13 4837 643 2033
19.35 6.97 18 4097 716 2498
14.57 8.25 10 8388 827 3128
16.79 9.26 23 7015 505 1753
11.82 5.8 11 6022 653 2311
17.41 8.31 14 10860 743 2571
17.01 8.43 13 7177 832 2782
17.82 9.95 16 4571 778 2520
17.93 5.9 22 3324 581 1732
18.62 7.34 22 3504 606 1915
15.53 7.6 18 3873 570 1855
14.9 9.21 19 3496 589 1742
19.75 8 25 3199 525 1699
23.78 10.37 41 1974 479 1288
17.79 5.51 20 4080 574 2101
16.87 8.38 16 4072 735 2341
19.4 7.31 19 3698 658 2221
18.18 5.26 22 3289 540 1751
16.78 9.48 15 4988 795 2367
15.25 5.11 16 5010 654 2018
17.8 9.5 28 2569 465 1341
18.46 9.04 26 2919 612 1494
18.31 4.44 28 2398 485 1381
17.62 8.66 18 4117 680 2068
18.27 6.45 17 4436 705 2292
16.4 8.18 29 2551 399 1209
20.82 6.45 33 2242 470 1348
